3.265866339206695557e-01
3.214530348777770996e-01
3.150002658367156982e-01
3.063506782054901123e-01
2.949094474315643311e-01
2.797819674015045166e-01
2.600042819976806641e-01
2.339841574430465698e-01
2.007471770048141479e-01
1.610290706157684326e-01
1.174697652459144592e-01
7.377945631742477417e-02
3.196518495678901672e-02
-7.794852368533611298e-03
-4.685074090957641602e-02
-8.460286259651184082e-02
-1.204136312007904053e-01
-1.544954627752304077e-01
-1.871078014373779297e-01
-2.183819562196731567e-01
-2.482860982418060303e-01
-2.770771682262420654e-01
-3.052362203598022461e-01
-3.331063687801361084e-01
-3.608863949775695801e-01
-3.889473974704742432e-01
-4.172553718090057373e-01
-4.454149901866912842e-01
-4.731392562389373779e-01
-5.002722144126892090e-01
-5.264220833778381348e-01
-5.511180758476257324e-01
-5.751615166664123535e-01
-5.990124940872192383e-01
-6.230946779251098633e-01
-6.480497717857360840e-01
-6.751382946968078613e-01
-7.045170664787292480e-01
-7.348833084106445312e-01
-7.653484344482421875e-01
-7.952319383621215820e-01
-8.237540125846862793e-01
-8.497542738914489746e-01
-8.742544651031494141e-01
-9.097566604614257812e-01
-1.006775736808776855e+00
-1.020425081253051758e+00
-1.039114475250244141e+00
-1.058611154556274414e+00
-1.077568531036376953e+00
-1.095138311386108398e+00
-1.111143946647644043e+00
-1.126049399375915527e+00
-1.140214323997497559e+00
-1.152784943580627441e+00
-1.162296295166015625e+00
-1.169599652290344238e+00
-1.178760051727294922e+00
-1.189628720283508301e+00
-1.185909748077392578e+00
-1.149397969245910645e+00
-1.108870029449462891e+00
-1.094065427780151367e+00
-1.079488992691040039e+00
-1.034465909004211426e+00
-9.751719236373901367e-01
-9.292775392532348633e-01
-8.931971192359924316e-01
-8.386707305908203125e-01
-7.461974620819091797e-01
-6.192339658737182617e-01
-4.724407792091369629e-01
-3.085110485553741455e-01
-1.268922686576843262e-01
6.877807527780532837e-02
2.695960104465484619e-01
4.584095180034637451e-01
6.276893615722656250e-01
7.957013845443725586e-01
9.537447094917297363e-01
1.082281231880187988e+00
1.163815498352050781e+00
1.190986275672912598e+00
1.159286141395568848e+00
1.083498001098632812e+00
9.809477329254150391e-01
8.515793681144714355e-01
7.023008465766906738e-01
5.447768568992614746e-01
3.920833766460418701e-01
2.558035850524902344e-01
1.371434479951858521e-01
3.837401047348976135e-02
-3.244208917021751404e-02
-8.097665011882781982e-02
-1.208540052175521851e-01
-1.753212660551071167e-01
-2.374503910541534424e-01
-2.767229974269866943e-01
-2.792742550373077393e-01
-2.707204520702362061e-01
-2.654225528240203857e-01
-2.636822164058685303e-01
-2.664434313774108887e-01
-2.664974629878997803e-01
-2.591310739517211914e-01
-2.481172084808349609e-01
-2.358032017946243286e-01
-2.228578776121139526e-01
-2.094060480594635010e-01
-1.957211643457412720e-01
-1.821171492338180542e-01
-1.691920608282089233e-01
-1.601006239652633667e-01
-1.303340047597885132e-01
-1.122459918260574341e-01
-1.099506467580795288e-01
-1.083661764860153198e-01
-1.053598895668983459e-01
-1.013580337166786194e-01
-9.674805402755737305e-02
-9.166260808706283569e-02
-8.603341877460479736e-02
-7.980744540691375732e-02
-7.299570739269256592e-02
-6.522895395755767822e-02
-5.673288553953170776e-02
-4.791571572422981262e-02
-3.896429762244224548e-02
-3.011057525873184204e-02
-2.169430255889892578e-02
-1.404934190213680267e-02
-6.891565863043069839e-03
-1.411991106579080224e-04
6.217523477971553802e-03
1.213277690112590790e-02
1.739289797842502594e-02
2.224456891417503357e-02
2.686079218983650208e-02
3.151272982358932495e-02
3.688306733965873718e-02
4.382945597171783447e-02
5.198149383068084717e-02
6.125717982649803162e-02
7.117029279470443726e-02
8.090318739414215088e-02
8.927876502275466919e-02
9.371159225702285767e-02
9.582331776618957520e-02
9.822083264589309692e-02
1.045884341001510620e-01
1.163771450519561768e-01
1.326054036617279053e-01
1.511540114879608154e-01
1.705329567193984985e-01
1.921968907117843628e-01
2.153785079717636108e-01
2.406650632619857788e-01
2.672782242298126221e-01
3.265866339206695557e-01
