2.516353130340576172e-01
2.375477850437164307e-01
2.123330980539321899e-01
1.616308838129043579e-01
7.071672379970550537e-02
1.364145055413246155e-02
-3.000234067440032959e-02
-6.704207509756088257e-02
-9.482353180646896362e-02
-1.168259754776954651e-01
-1.350863277912139893e-01
-1.510765999555587769e-01
-1.659251451492309570e-01
-1.823132932186126709e-01
-2.030885368585586548e-01
-2.267801165580749512e-01
-2.517671585083007812e-01
-2.763217687606811523e-01
-2.947640419006347656e-01
-2.984539568424224854e-01
-2.888973951339721680e-01
-2.837330102920532227e-01
-2.972446382045745850e-01
-3.345850706100463867e-01
-3.813014626502990723e-01
-4.238914847373962402e-01
-4.499815404415130615e-01
-4.680301547050476074e-01
-4.840374588966369629e-01
-5.044199228286743164e-01
-5.269445776939392090e-01
-5.480166077613830566e-01
-5.630574226379394531e-01
-5.717379450798034668e-01
-5.799435973167419434e-01
-5.922155976295471191e-01
-6.141990423202514648e-01
-6.418390274047851562e-01
-6.717894077301025391e-01
-7.005447745323181152e-01
-7.268754243850708008e-01
-7.520049214363098145e-01
-7.757495641708374023e-01
-7.974698543548583984e-01
-8.192393183708190918e-01
-8.431338667869567871e-01
-8.736888766288757324e-01
-9.102014303207397461e-01
-9.471077322959899902e-01
-9.784737229347229004e-01
-9.976668357849121094e-01
-1.009784221649169922e+00
-1.016784310340881348e+00
-1.019008636474609375e+00
-1.018951654434204102e+00
-1.023048162460327148e+00
-1.059156060218811035e+00
-1.187927246093750000e+00
-1.207453370094299316e+00
-1.233032226562500000e+00
-1.256394743919372559e+00
-1.276934385299682617e+00
-1.294155120849609375e+00
-1.308221936225891113e+00
-1.319445610046386719e+00
-1.328675389289855957e+00
-1.338744282722473145e+00
-1.353976845741271973e+00
-1.364546298980712891e+00
-1.337894916534423828e+00
-1.279667258262634277e+00
-1.285988688468933105e+00
-1.330517530441284180e+00
-1.209791302680969238e+00
-9.364396333694458008e-01
-5.939003825187683105e-01
-8.275126665830612183e-02
4.215971827507019043e-01
7.633314132690429688e-01
9.917056560516357422e-01
1.140015006065368652e+00
1.189123034477233887e+00
8.184747099876403809e-01
6.982663869857788086e-01
5.943006873130798340e-01
4.540386497974395752e-01
3.401904702186584473e-01
2.524245977401733398e-01
2.493956983089447021e-01
2.146577835083007812e-01
1.419769376516342163e-01
1.171039566397666931e-01
1.122345104813575745e-01
1.109824553132057190e-01
1.105902493000030518e-01
1.094409748911857605e-01
1.071454361081123352e-01
1.021479442715644836e-01
9.586698561906814575e-02
9.158071130514144897e-02
9.157583862543106079e-02
9.296757727861404419e-02
9.301677346229553223e-02
9.040084481239318848e-02
8.764339238405227661e-02
8.717365562915802002e-02
9.005957841873168945e-02
9.361020475625991821e-02
9.566703438758850098e-02
9.338872879743576050e-02
1.005598381161689758e-01
1.088355779647827148e-01
1.046481505036354065e-01
9.879275411367416382e-02
9.462009370326995850e-02
9.362363815307617188e-02
9.554140269756317139e-02
9.895344078540802002e-02
1.034569293260574341e-01
1.088381931185722351e-01
1.141287237405776978e-01
1.184595599770545959e-01
1.198353692889213562e-01
1.190332099795341492e-01
1.183633953332901001e-01
1.198923438787460327e-01
1.255838274955749512e-01
1.330697834491729736e-01
1.410489529371261597e-01
1.482419818639755249e-01
1.542505472898483276e-01
1.588161736726760864e-01
1.606263369321823120e-01
1.592608541250228882e-01
1.568121463060379028e-01
1.550125032663345337e-01
1.557594239711761475e-01
1.576514840126037598e-01
1.595673710107803345e-01
1.603407561779022217e-01
1.605722308158874512e-01
1.610025018453598022e-01
1.623898595571517944e-01
1.646589636802673340e-01
1.678803712129592896e-01
1.721901595592498779e-01
1.771344095468521118e-01
1.823502629995346069e-01
1.871598362922668457e-01
1.896242499351501465e-01
1.884432584047317505e-01
1.878563463687896729e-01
1.917799562215805054e-01
1.967657655477523804e-01
2.020584344863891602e-01
2.157090157270431519e-01
2.269537448883056641e-01
2.309629917144775391e-01
2.210823893547058105e-01
2.516353130340576172e-01
