1.000000000000000000e+00
9.975098371505737305e-01
9.942872524261474609e-01
9.905964732170104980e-01
9.863106012344360352e-01
9.812555313110351562e-01
9.751944541931152344e-01
9.678279161453247070e-01
9.588200449943542480e-01
9.478937387466430664e-01
9.349990487098693848e-01
9.204063415527343750e-01
9.045969247817993164e-01
8.880452513694763184e-01
8.711094856262207031e-01
8.540082573890686035e-01
8.368372321128845215e-01
8.196332454681396484e-01
8.024123907089233398e-01
7.851810455322265625e-01
7.679386734962463379e-01
7.506816387176513672e-01
7.334100008010864258e-01
7.161278128623962402e-01
6.988405585289001465e-01
6.815559267997741699e-01
6.642832159996032715e-01
6.470267176628112793e-01
6.297861933708190918e-01
6.125587224960327148e-01
5.953388214111328125e-01
5.781149864196777344e-01
5.608784556388854980e-01
5.436271429061889648e-01
5.263622999191284180e-01
5.090899467468261719e-01
4.918242990970611572e-01
4.745879173278808594e-01
4.573950171470642090e-01
4.402516484260559082e-01
4.231601357460021973e-01
4.061235487461090088e-01
3.891456425189971924e-01
3.722301423549652100e-01
3.553806245326995850e-01
3.385980725288391113e-01
3.218825459480285645e-01
3.052338659763336182e-01
2.886468768119812012e-01
2.721195816993713379e-01
2.556554675102233887e-01
2.392604500055313110e-01
2.229485958814620972e-01
2.067435830831527710e-01
1.906735897064208984e-01
1.747645586729049683e-01
1.590468436479568481e-01
1.435837596654891968e-01
1.284819394350051880e-01
1.138337850570678711e-01
9.968277066946029663e-02
8.614397048950195312e-02
7.351277768611907959e-02
6.210222840309143066e-02
5.205518379807472229e-02
4.337288811802864075e-02
3.597732633352279663e-02
2.973027899861335754e-02
2.446136623620986938e-02
2.000558935105800629e-02
1.622048206627368927e-02
1.299268100410699844e-02
1.023749727755784988e-02
7.891942746937274933e-03
5.907072685658931732e-03
4.242024384438991547e-03
2.860344247892498970e-03
1.738971914164721966e-03
8.869813173078000546e-04
3.175480815116316080e-04
3.545886283973231912e-05
3.377553366590291262e-05
3.313269407954066992e-04
9.538937592878937721e-04
1.894931076094508171e-03
3.127052914351224899e-03
4.630351904779672623e-03
6.427086889743804932e-03
8.549547754228115082e-03
1.103404723107814789e-02
1.392284408211708069e-02
1.726841554045677185e-02
2.114501968026161194e-02
2.565612085163593292e-02
3.093543834984302521e-02
3.714598342776298523e-02
4.445908218622207642e-02
5.302340909838676453e-02
6.295430660247802734e-02
7.434072345495223999e-02
8.716704696416854858e-02
1.012371033430099487e-01
1.162371709942817688e-01
1.318413317203521729e-01
1.478190273046493530e-01
1.640774011611938477e-01
1.805794686079025269e-01
1.972842663526535034e-01
2.141537964344024658e-01
2.311617136001586914e-01
2.482928633689880371e-01
2.655397951602935791e-01
2.829058766365051270e-01
3.003877401351928711e-01
3.179545998573303223e-01
3.355548977851867676e-01
3.531593680381774902e-01
3.707614541053771973e-01
3.883628547191619873e-01
4.059638977050781250e-01
4.235637784004211426e-01
4.411619603633880615e-01
4.587593972682952881e-01
4.763591289520263672e-01
4.939651787281036377e-01
5.115849971771240234e-01
5.292294621467590332e-01
5.469044446945190430e-01
5.646128654479980469e-01
5.823551416397094727e-01
6.001285314559936523e-01
6.179242134094238281e-01
6.357341408729553223e-01
6.535543203353881836e-01
6.713818311691284180e-01
6.892127394676208496e-01
7.070391178131103516e-01
7.248508334159851074e-01
7.426401972770690918e-01
7.604005336761474609e-01
7.781325578689575195e-01
7.958512902259826660e-01
8.135734796524047852e-01
8.313036561012268066e-01
8.490233421325683594e-01
8.666647672653198242e-01
8.841265439987182617e-01
9.012586474418640137e-01
9.177266955375671387e-01
9.329503774642944336e-01
9.463678002357482910e-01
9.576910138130187988e-01
9.669880867004394531e-01
9.745666384696960449e-01
9.807889461517333984e-01
9.859728813171386719e-01
9.903652667999267578e-01
9.941465854644775391e-01
9.974481463432312012e-01
1.000000000000000000e+00
