1.000000000000000000e+00
9.978561401367187500e-01
9.940867424011230469e-01
9.878025054931640625e-01
9.783649444580078125e-01
9.664780497550964355e-01
9.531552195549011230e-01
9.394970536231994629e-01
9.257332682609558105e-01
9.118880033493041992e-01
8.979830145835876465e-01
8.840320706367492676e-01
8.700343966484069824e-01
8.560115694999694824e-01
8.419914245605468750e-01
8.279805779457092285e-01
8.140044212341308594e-01
8.000879287719726562e-01
7.862318754196166992e-01
7.723878622055053711e-01
7.584255933761596680e-01
7.445042133331298828e-01
7.307179570198059082e-01
7.168595194816589355e-01
7.029054760932922363e-01
6.890391111373901367e-01
6.751844286918640137e-01
6.612643599510192871e-01
6.472804546356201172e-01
6.332688927650451660e-01
6.192778944969177246e-01
6.053107976913452148e-01
5.913533568382263184e-01
5.773556828498840332e-01
5.633040666580200195e-01
5.492073297500610352e-01
5.351018905639648438e-01
5.210274457931518555e-01
5.069881081581115723e-01
4.929768443107604980e-01
4.789728224277496338e-01
4.649703502655029297e-01
4.509684741497039795e-01
4.369595050811767578e-01
4.229361116886138916e-01
4.088990986347198486e-01
3.948607146739959717e-01
3.808563649654388428e-01
3.668960928916931152e-01
3.529779314994812012e-01
3.390690684318542480e-01
3.251467943191528320e-01
3.112089931964874268e-01
2.972522079944610596e-01
2.832709550857543945e-01
2.692653536796569824e-01
2.552603781223297119e-01
2.413164824247360229e-01
2.274531871080398560e-01
2.136629372835159302e-01
1.999094337224960327e-01
1.861886382102966309e-01
1.725057661533355713e-01
1.588675826787948608e-01
1.452830135822296143e-01
1.317604929208755493e-01
1.183135807514190674e-01
1.049836203455924988e-01
9.184969216585159302e-02
7.893586903810501099e-02
6.614669412374496460e-02
5.357488989830017090e-02
4.173255339264869690e-02
3.087915666401386261e-02
2.109957300126552582e-02
1.305315550416707993e-02
7.363174110651016235e-03
3.882845398038625717e-03
1.906009856611490250e-03
8.119501289911568165e-04
2.540774294175207615e-04
-9.428819794266019017e-06
3.828115877695381641e-04
1.852561603300273418e-03
3.983296453952789307e-03
7.104899734258651733e-03
1.203056890517473221e-02
2.002988383173942566e-02
3.146077692508697510e-02
4.486820846796035767e-02
5.840269848704338074e-02
7.191153615713119507e-02
8.561910688877105713e-02
9.948281198740005493e-02
1.134460866451263428e-01
1.274735331535339355e-01
1.415412276983261108e-01
1.556251496076583862e-01
1.696909815073013306e-01
1.837383359670639038e-01
1.977994590997695923e-01
2.118987441062927246e-01
2.260278910398483276e-01
2.401492297649383545e-01
2.542452216148376465e-01
2.683231234550476074e-01
2.824191451072692871e-01
2.965496480464935303e-01
3.107052445411682129e-01
3.248667120933532715e-01
3.390287756919860840e-01
3.531824350357055664e-01
3.673232495784759521e-01
3.814465701580047607e-01
3.955526947975158691e-01
4.096471071243286133e-01
4.237475693225860596e-01
4.378592073917388916e-01
4.519827067852020264e-01
4.661221206188201904e-01
4.802745282649993896e-01
4.944174289703369141e-01
5.085529685020446777e-01
5.227015018463134766e-01
5.368350148200988770e-01
5.509424209594726562e-01
5.650534629821777344e-01
5.791894793510437012e-01
5.933348536491394043e-01
6.074597239494323730e-01
6.215664148330688477e-01
6.356559991836547852e-01
6.497342586517333984e-01
6.638309359550476074e-01
6.779592037200927734e-01
6.921107172966003418e-01
7.062685489654541016e-01
7.204245328903198242e-01
7.345674633979797363e-01
7.487062811851501465e-01
7.628540396690368652e-01
7.770126461982727051e-01
7.911775112152099609e-01
8.053426146507263184e-01
8.195058703422546387e-01
8.336603641510009766e-01
8.477999567985534668e-01
8.619194626808166504e-01
8.760116100311279297e-01
8.900792598724365234e-01
9.041700959205627441e-01
9.183100461959838867e-01
9.324547052383422852e-01
9.465664625167846680e-01
9.606515169143676758e-01
9.743306040763854980e-01
9.858576059341430664e-01
9.932255148887634277e-01
9.975199699401855469e-01
1.000000000000000000e+00
