0.000000000000000000e+00
6.367065943777561188e-04
1.444332883693277836e-03
2.353664254769682884e-03
3.390754107385873795e-03
4.582620225846767426e-03
5.966394674032926559e-03
7.598235271871089935e-03
9.522132575511932373e-03
1.175482012331485748e-02
1.427085418254137039e-02
1.699789054691791534e-02
1.985072717070579529e-02
2.275990135967731476e-02
2.567840553820133209e-02
2.856449596583843231e-02
3.139429539442062378e-02
3.415929526090621948e-02
3.685581311583518982e-02
3.948139026761054993e-02
4.203457385301589966e-02
4.451639577746391296e-02
4.692863300442695618e-02
4.927186667919158936e-02
5.154542252421379089e-02
5.374785512685775757e-02
5.587509647011756897e-02
5.792175978422164917e-02
5.988314375281333923e-02
6.175543740391731262e-02
6.353514641523361206e-02
6.522076576948165894e-02
6.681475043296813965e-02
6.831919401884078979e-02
6.973576545715332031e-02
7.106602191925048828e-02
7.231047749519348145e-02
7.346414029598236084e-02
7.451733201742172241e-02
7.546055316925048828e-02
7.628527283668518066e-02
7.698323577642440796e-02
7.754559069871902466e-02
7.796326279640197754e-02
7.822655886411666870e-02
7.832541316747665405e-02
7.825097441673278809e-02
7.799371331930160522e-02
7.754480838775634766e-02
7.689888775348663330e-02
7.605000585317611694e-02
7.499289512634277344e-02
7.372333854436874390e-02
7.223609089851379395e-02
7.052184641361236572e-02
6.856872141361236572e-02
6.636973470449447632e-02
6.392778456211090088e-02
6.124188750982284546e-02
5.828273296356201172e-02
5.502462014555931091e-02
5.153558775782585144e-02
4.795071482658386230e-02
4.435598477721214294e-02
4.080300778150558472e-02
3.737637400627136230e-02
3.415429592132568359e-02
3.115046769380569458e-02
2.832435071468353271e-02
2.563192322850227356e-02
2.304720878601074219e-02
2.055731974542140961e-02
1.814881712198257446e-02
1.580855250358581543e-02
1.352742034941911697e-02
1.130235288292169571e-02
9.135415777564048767e-03
7.025950122624635696e-03
4.962263628840446472e-03
2.942872699350118637e-03
9.787618182599544525e-04
-9.197064791806042194e-04
-2.867954783141613007e-03
-4.844523034989833832e-03
-6.825250573456287384e-03
-8.807281963527202606e-03
-1.079947594553232193e-02
-1.279053371399641037e-02
-1.476541534066200256e-02
-1.671225391328334808e-02
-1.862687990069389343e-02
-2.051472663879394531e-02
-2.238183654844760895e-02
-2.423446252942085266e-02
-2.609517239034175873e-02
-2.799952216446399689e-02
-2.997774071991443634e-02
-3.198825195431709290e-02
-3.392635285854339600e-02
-3.570925816893577576e-02
-3.733186051249504089e-02
-3.879265859723091125e-02
-4.007229581475257874e-02
-4.115488007664680481e-02
-4.201500117778778076e-02
-4.264687746763229370e-02
-4.307555034756660461e-02
-4.332726076245307922e-02
-4.342219606041908264e-02
-4.337702319025993347e-02
-4.320757836103439331e-02
-4.292884096503257751e-02
-4.255636781454086304e-02
-4.211295768618583679e-02
-4.162162914872169495e-02
-4.109234362840652466e-02
-4.052234068512916565e-02
-3.990846872329711914e-02
-3.925038874149322510e-02
-3.854864835739135742e-02
-3.780351579189300537e-02
-3.701488301157951355e-02
-3.618233650922775269e-02
-3.530583903193473816e-02
-3.438585251569747925e-02
-3.342269733548164368e-02
-3.241956606507301331e-02
-3.138191625475883484e-02
-3.031544014811515808e-02
-2.922629937529563904e-02
-2.812114171683788300e-02
-2.700584009289741516e-02
-2.588286995887756348e-02
-2.475397661328315735e-02
-2.362079918384552002e-02
-2.248501591384410858e-02
-2.134813740849494934e-02
-2.020888775587081909e-02
-1.906455308198928833e-02
-1.791073009371757507e-02
-1.674027554690837860e-02
-1.554618030786514282e-02
-1.432898920029401779e-02
-1.309280935674905777e-02
-1.184766646474599838e-02
-1.061084307730197906e-02
-9.404422715306282043e-03
-8.251428604125976562e-03
-7.154986262321472168e-03
-6.118134129792451859e-03
-5.145786330103874207e-03
-4.252973012626171112e-03
-3.454915015026926994e-03
-2.755974186584353447e-03
-2.147294115275144577e-03
-1.607611775398254395e-03
-1.126237795688211918e-03
-6.972519331611692905e-04
-3.104546340182423592e-04
0.000000000000000000e+00
