0.000000000000000000e+00
1.229012734256684780e-03
2.875706180930137634e-03
5.140727851539850235e-03
7.925711572170257568e-03
1.038889121264219284e-02
1.275742985308170319e-02
1.502222940325737000e-02
1.716285198926925659e-02
1.921132206916809082e-02
2.119283564388751984e-02
2.312683127820491791e-02
2.503325045108795166e-02
2.693512476980686188e-02
2.884675189852714539e-02
3.075544163584709167e-02
3.263666853308677673e-02
3.446106240153312683e-02
3.618771210312843323e-02
3.778664395213127136e-02
3.930262848734855652e-02
4.083443433046340942e-02
4.247878491878509521e-02
4.427834600210189819e-02
4.613621532917022705e-02
4.792482405900955200e-02
4.959123581647872925e-02
5.116557702422142029e-02
5.267964303493499756e-02
5.415561050176620483e-02
5.558343604207038879e-02
5.694577470421791077e-02
5.822817981243133545e-02
5.943871662020683289e-02
6.060450896620750427e-02
6.175182759761810303e-02
6.289690732955932617e-02
6.402419507503509521e-02
6.511283665895462036e-02
6.614352762699127197e-02
6.710649281740188599e-02
6.799908727407455444e-02
6.881839036941528320e-02
6.956323236227035522e-02
7.023861259222030640e-02
7.085062563419342041e-02
7.140408456325531006e-02
7.188778370618820190e-02
7.227783650159835815e-02
7.254946976900100708e-02
7.268603146076202393e-02
7.269208878278732300e-02
7.257543504238128662e-02
7.234448194503784180e-02
7.201122492551803589e-02
7.159000635147094727e-02
7.109469920396804810e-02
7.051159441471099854e-02
6.980475038290023804e-02
6.893486529588699341e-02
6.787988543510437012e-02
6.663276255130767822e-02
6.518591940402984619e-02
6.353097409009933472e-02
6.165812164545059204e-02
5.955576524138450623e-02
5.721260234713554382e-02
5.461752787232398987e-02
5.173763260245323181e-02
4.850138351321220398e-02
4.485062882304191589e-02
4.084728658199310303e-02
3.653291985392570496e-02
3.168152645230293274e-02
2.620897255837917328e-02
2.048842981457710266e-02
1.506466418504714966e-02
1.050837803632020950e-02
7.039544638246297836e-03
4.416272044181823730e-03
2.356189535930752754e-03
6.763242417946457863e-04
-7.446285453625023365e-04
-1.806592918001115322e-03
-2.856254111975431442e-03
-4.047487396746873856e-03
-5.451887380331754684e-03
-7.040774449706077576e-03
-8.520236238837242126e-03
-9.935797192156314850e-03
-1.120545249432325363e-02
-1.212604250758886337e-02
-1.278315205127000809e-02
-1.326733734458684921e-02
-1.363240182399749756e-02
-1.391519419848918915e-02
-1.413919124752283096e-02
-1.432010158896446228e-02
-1.445447281002998352e-02
-1.452885102480649948e-02
-1.453838683664798737e-02
-1.450131088495254517e-02
-1.443807873874902725e-02
-1.435651257634162903e-02
-1.424381043761968613e-02
-1.408631075173616409e-02
-1.388197392225265503e-02
-1.364878844469785690e-02
-1.340583432465791702e-02
-1.316576637327671051e-02
-1.292599551379680634e-02
-1.268172543495893478e-02
-1.242781337350606918e-02
-1.215608138591051102e-02
-1.185742020606994629e-02
-1.152326818555593491e-02
-1.115227118134498596e-02
-1.075053494423627853e-02
-1.032433565706014633e-02
-9.880745783448219299e-03
-9.430364705622196198e-03
-8.985053747892379761e-03
-8.554824627935886383e-03
-8.134134113788604736e-03
-7.707454264163970947e-03
-7.258454337716102600e-03
-6.777407601475715637e-03
-6.275762803852558136e-03
-5.770053714513778687e-03
-5.277336109429597855e-03
-4.809255711734294891e-03
-4.375241231173276901e-03
-3.984867129474878311e-03
-3.637446789070963860e-03
-3.317165886983275414e-03
-3.006231272593140602e-03
-2.691476140171289444e-03
-2.377024618908762932e-03
-2.071383874863386154e-03
-1.781239989213645458e-03
-1.503933686763048172e-03
-1.233651652000844479e-03
-9.651214932091534138e-04
-6.974785937927663326e-04
-4.310935328248888254e-04
-1.682329748291522264e-04
8.432065806118771434e-05
3.176125173922628164e-04
5.190076190046966076e-04
6.715497002005577087e-04
7.708058110438287258e-04
8.444420527666807175e-04
9.148333920165896416e-04
9.636387694627046585e-04
9.824651060625910759e-04
9.801338892430067062e-04
8.487222949042916298e-04
6.120431353338062763e-04
3.297918883617967367e-04
0.000000000000000000e+00
