9.999983288699266781e-01 -1.828184168555209996e-03
9.997521465779609651e-01 -1.542794889280628195e-03
9.990136209835686065e-01 -7.727958673515849261e-04
9.977832448093338913e-01 3.274856311604286896e-04
9.960620129486079666e-01 1.650182422910751161e-03
9.938515576823367947e-01 3.142643023376295777e-03
9.911540522531024910e-01 4.787291050839122784e-03
9.879720679927980198e-01 6.588681772514172301e-03
9.843088169336895454e-01 8.543191970485849995e-03
9.801676313341968205e-01 1.048473854681372143e-02
9.755523199411654245e-01 1.227965041706862749e-02
9.704675249145402471e-01 1.395669631252614319e-02
9.649183435601977887e-01 1.559798603624336019e-02
9.589104624518192121e-01 1.724931780215266733e-02
9.524496997067132265e-01 1.893063327837790286e-02
9.455425547154161503e-01 2.064328538935298815e-02
9.381958223969993904e-01 2.238726221703143254e-02
9.304167149329786168e-01 2.416256784470807370e-02
9.222129812061083953e-01 2.596934763930365889e-02
9.135926679822070628e-01 2.780767044555882209e-02
9.045642381273208965e-01 2.967698484413345758e-02
8.951367480675400667e-01 3.157537912553837894e-02
8.853193730386661464e-01 3.350072286530306198e-02
8.751218242294113159e-01 3.545061772055344007e-02
8.645541693829077445e-01 3.742207768392853684e-02
8.536268931232573465e-01 3.941192484448530903e-02
8.423506586037753374e-01 4.141682403819988562e-02
8.307367237806305704e-01 4.343276045534923135e-02
8.187964654709083412e-01 4.545552819554282697e-02
8.065416777766524214e-01 4.748094969983395613e-02
7.939844539519875788e-01 4.950546461726140768e-02
7.811371856763573707e-01 5.152573226766163361e-02
7.680125623199894891e-01 5.353822985761780284e-02
7.546235091937314454e-01 5.553807895732507105e-02
7.409832481827334227e-01 5.751960831859758566e-02
7.271051798654407650e-01 5.947708054201149286e-02
7.130031210826922594e-01 6.140422720058454076e-02
6.986908284117281376e-01 6.329441948095494708e-02
6.841825351983020775e-01 6.514099036931809972e-02
6.694924764547162122e-01 6.693818525280310905e-02
6.546351273135778692e-01 6.868117901799425384e-02
6.396252609440404857e-01 7.036515417289269936e-02
6.244775906844781677e-01 7.198516951451945645e-02
6.092070678922465454e-01 7.353606502742661422e-02
5.938287630870476841e-01 7.501265490553492288e-02
5.783578666470663432e-01 7.641010833446902628e-02
5.628096298794378338e-01 7.772431901043012903e-02
5.471994234389598866e-01 7.895125549119853814e-02
5.315425581201607130e-01 8.008674760870278242e-02
5.158545823731147673e-01 8.112620695306002605e-02
5.001508657261156676e-01 8.206498641832611629e-02
4.844469867950327302e-01 8.289869652649475840e-02
4.687584069885756266e-01 8.362404305376204550e-02
4.531006180098334779e-01 8.423800088716527912e-02
4.374890224154800444e-01 8.473768738285610003e-02
4.219390838431523183e-01 8.512102802697342485e-02
4.064661174566966406e-01 8.538624158060187375e-02
3.910854087683736657e-01 8.553163000128831406e-02
3.758120955856467660e-01 8.555621001492738631e-02
3.606612865681407265e-01 8.545935637121826467e-02
3.456479116041569766e-01 8.524046729589986049e-02
3.307868117297741994e-01 8.489924455441345830e-02
3.160926197466021326e-01 8.443559900930434903e-02
3.015798492810106701e-01 8.384945965040749294e-02
2.872628359174250190e-01 8.314117901051748527e-02
2.731556775554215832e-01 8.231151036862241477e-02
2.592723529300233198e-01 8.136123179872989386e-02
2.456264843590708902e-01 8.029178393524512292e-02
2.322316063777104811e-01 7.910549595495326713e-02
2.191009257528644394e-01 7.780472868920658425e-02
2.062473812581133437e-01 7.639196768719064279e-02
1.936836737197276115e-01 7.486995649556872634e-02
1.814222059260736652e-01 7.324143090323782801e-02
1.694750829729646802e-01 7.150930784365544524e-02
1.578540979868454375e-01 6.967702691337597509e-02
1.465707163259016010e-01 6.774805930900924811e-02
1.356360757950634266e-01 6.572602589144686813e-02
1.250609727445794184e-01 6.361524248854497077e-02
1.148558609625423693e-01 6.142011659860706352e-02
1.050307986884551070e-01 5.914469002289841210e-02
9.559549154009785998e-02 5.679166797362512897e-02
8.655924190621318293e-02 5.436326501413327184e-02
7.793097978402305226e-02 5.186177131429690196e-02
6.971921298581426618e-02 4.929084358810323363e-02
6.193205530789817198e-02 4.665461247792780652e-02
5.457719172256568496e-02 4.395698129037218377e-02
4.766187849032621493e-02 4.120168786690032309e-02
4.119294302101358246e-02 3.839222851221571475e-02
3.517677626567076304e-02 3.553177183512638837e-02
2.961930897283586092e-02 3.262443509923450974e-02
2.452603306696606381e-02 2.967475160145303936e-02
1.990197825896499254e-02 2.668608462638070652e-02
1.575169621698031819e-02 2.365808192781233485e-02
1.207927389975900143e-02 2.058581779994551539e-02
8.888309750318800634e-03 1.746001685358349043e-02
6.181967217802766291e-03 1.429123538218099974e-02
3.963014728702099476e-03 1.113605537895271357e-02
2.233836935983140714e-03 8.104001858065590369e-03
9.962479576598249394e-04 5.256850804656966469e-03
2.514073741061627560e-04 2.563826772099502774e-03
0.000000000000000000e+00 0.000000000000000000e+00
2.444820314747726256e-04 -1.224265903330899871e-03
9.820463411289931995e-04 -2.511290415659180042e-03
2.211941127505158162e-03 -3.872784870452305930e-03
3.932924243396892887e-03 -5.323137046869266635e-03
6.143350657997042816e-03 -6.831633930787376144e-03
8.841135422363489635e-03 -8.343865453390671150e-03
1.202366666788912651e-02 -9.830778021964435565e-03
1.568781319417881376e-02 -1.128528818962590795e-02
1.982995550049646699e-02 -1.270963892703205235e-02
2.444599725624429024e-02 -1.410403083640896123e-02
2.953138865581578926e-02 -1.546709288028384754e-02
3.508111067576443615e-02 -1.679634241185670382e-02
4.108968519477552289e-02 -1.808876254811294867e-02
4.755119443621626946e-02 -1.934137505108026941e-02
5.445925825654138186e-02 -2.055143693717625258e-02
6.180706094174451964e-02 -2.171604701125666795e-02
6.958735699837637068e-02 -2.283305364135662305e-02
7.779246985858379038e-02 -2.390176299123202355e-02
8.641429445969343870e-02 -2.492152849124996961e-02
9.544433185353609628e-02 -2.589115827233163386e-02
1.048736606014003259e-01 -2.680826108529574606e-02
1.146929871511216392e-01 -2.767021797425728985e-02
1.248926148542268272e-01 -2.847482803082905176e-02
1.354624941525095771e-01 -2.922138447450053564e-02
1.463921801121196020e-01 -2.990945162210207828e-02
1.576708853880588734e-01 -3.053841952015694944e-02
1.692874812018447805e-01 -3.110697165361059682e-02
1.812305113599091688e-01 -3.161356626558817912e-02
1.934881913663852038e-01 -3.205692211342306419e-02
2.060484204496951521e-01 -3.243759081731378835e-02
2.188987984690700384e-01 -3.275685995706468373e-02
2.320266274745688972e-01 -3.301589975604498489e-02
2.454189730452434604e-01 -3.321481491743721176e-02
2.590626336506290928e-01 -3.335310198296657230e-02
2.729440798382873901e-01 -3.343030993939841850e-02
2.870496909727054957e-01 -3.344695920480195150e-02
3.013654874227447156e-01 -3.340431801950815432e-02
3.158773703623398710e-01 -3.330364644245528694e-02
3.305710037636268583e-01 -3.314553956310749977e-02
3.454318740697551737e-01 -3.292988834486345467e-02
3.604453485487905118e-01 -3.265656553851334354e-02
3.755965844271827447e-01 -3.232622328891530950e-02
3.908706474732345781e-01 -3.194063561553794200e-02
4.062524244815156615e-01 -3.150166377805401624e-02
4.217267732204175723e-01 -3.101074446500030890e-02
4.372784039926944089e-01 -3.046846877882137747e-02
4.528919974806904780e-01 -2.987532757243581416e-02
4.685520842135750264e-01 -2.923243703023367668e-02
4.842432511516412963e-01 -2.854264862183424761e-02
4.999499952906869549e-01 -2.780911882939570909e-02
5.156568433032163723e-01 -2.703507288505448136e-02
5.313482021244922970e-01 -2.622402469598497307e-02
5.470086871971652220e-01 -2.537954789842988140e-02
5.626227351051156234e-01 -2.450524035856322530e-02
5.781750207156227672e-01 -2.360477475508819881e-02
5.936501592260432503e-01 -2.268185837498235685e-02
6.090328847833874626e-01 -2.174034135020645048e-02
6.243079888376013020e-01 -2.078533269596704799e-02
6.394603809047294529e-01 -1.982256685158078138e-02
6.544750898524925864e-01 -1.885770048575909422e-02
6.693373847593714343e-01 -1.789541019886363785e-02
6.840324763114186135e-01 -1.693970953861848386e-02
6.985458732439114860e-01 -1.599459749607232487e-02
7.128633220753334276e-01 -1.506442193282879830e-02
7.269705686916931864e-01 -1.415387585182789620e-02
7.408538358913955291e-01 -1.326761175418939009e-02
7.544992885863273102e-01 -1.240934228826784218e-02
7.678935112005736974e-01 -1.158153351939397377e-02
7.810232671538653859e-01 -1.078655228148273082e-02
7.938756192838394288e-01 -1.002600280446202391e-02
8.064378712870525767e-01 -9.300154693924634480e-03
8.186976251624410450e-01 -8.609125132278228759e-03
8.306427809149383723e-01 -7.953040995751342254e-03
8.422615364896209877e-01 -7.332074870647280022e-03
8.535425070881185183e-01 -6.746386539176627006e-03
8.644744270013051679e-01 -6.196201980799340321e-03
8.750466261755383002e-01 -5.681960441259778505e-03
8.852486132925039275e-01 -5.204145676118911157e-03
8.950703144173943748e-01 -4.763158462223427043e-03
9.045020138567199108e-01 -4.359064524660604192e-03
9.135345325761138335e-01 -3.991811215745710850e-03
9.221588111720359082e-01 -3.661115461169698292e-03
9.303663891888591664e-01 -3.365107366649467725e-03
9.381492246303672067e-01 -3.101246852664510823e-03
9.454995732440415468e-01 -2.867146593526390900e-03
9.524102243039337390e-01 -2.662014491986957124e-03
9.588743826799266401e-01 -2.485954069875128108e-03
9.648855516432723878e-01 -2.338862280148094105e-03
9.704379550399959697e-01 -2.217727270063583542e-03
9.755259985253110777e-01 -2.117898976778901255e-03
9.801447424536852138e-01 -2.035248582994792985e-03
9.842895972472023303e-01 -1.969782979829018052e-03
9.879565068190415689e-01 -1.923123558352727875e-03
9.911418409977537092e-01 -1.892142647478168389e-03
9.938423911061998739e-01 -1.871381808478532471e-03
9.960556014662115265e-01 -1.856833879019766488e-03
9.977792715457942663e-01 -1.845849510952523448e-03
9.990116752789111043e-01 -1.837076720158546716e-03
9.997516202762022353e-01 -1.830676650999997664e-03
9.999983288699266781e-01 -1.828184168555209996e-03
