9.987143144649871518e-01 5.069238683205749135e-02
9.984384762985699657e-01 5.126012298239213810e-02
9.976224294248888791e-01 5.274092983464560153e-02
9.962870018363852997e-01 5.473975095098096433e-02
9.944470334410328016e-01 5.698773460424753912e-02
9.921103324230842180e-01 5.936514663052797069e-02
9.892802437027043982e-01 6.184959219092267535e-02
9.859571453235720373e-01 6.448418312592260615e-02
9.821403253115078558e-01 6.734644014145851898e-02
9.778352605395280728e-01 7.040018525789117076e-02
9.730482137017597566e-01 7.360198934181423625e-02
9.677915807881748433e-01 7.679817063812059696e-02
9.620874564680055308e-01 7.965102405953319864e-02
9.559584309743115460e-01 8.182601510146374213e-02
9.494126087610195164e-01 8.327752777010928587e-02
9.424372550394237713e-01 8.438461942008874950e-02
9.350185862358498801e-01 8.555288905991091652e-02
9.271522162270295908e-01 8.701102282600406412e-02
9.188501911563408120e-01 8.867454941911646904e-02
9.101264781115563363e-01 9.042703115799774483e-02
9.009938849389198534e-01 9.218309981180146384e-02
8.914620611583716769e-01 9.393136890189536514e-02
8.815402253396688037e-01 9.567129392248845121e-02
8.712381600849216090e-01 9.740180039932808120e-02
8.605660802822518995e-01 9.912035205987376751e-02
8.495346372937896406e-01 1.008240441002699050e-01
8.381547904262368620e-01 1.025074322377088065e-01
8.264386937415275636e-01 1.041532918252570938e-01
8.143987940164354455e-01 1.057409829411354585e-01
8.020477738752417318e-01 1.072534497947681964e-01
7.893973906264368789e-01 1.086977457254495599e-01
7.764592025744482262e-01 1.100907237970127767e-01
7.632452062250378866e-01 1.114464829176781968e-01
7.497689949742329940e-01 1.127523641593716069e-01
7.360452285964528274e-01 1.139805784297541619e-01
7.220886866696460960e-01 1.151045037630953061e-01
7.079135365996370721e-01 1.161178095557774820e-01
6.935330876264843569e-01 1.170298965168852234e-01
6.789611019833540206e-01 1.178506472198500576e-01
6.642111982904906897e-01 1.185927735937091360e-01
6.492970830820680161e-01 1.192719588165915973e-01
6.342327728544261412e-01 1.199036583886879531e-01
6.190331188535179718e-01 1.204857062114616378e-01
6.037145046240341983e-01 1.209904508985008842e-01
5.882935303640288716e-01 1.213883242959513803e-01
5.727864075117129472e-01 1.216597690098183138e-01
5.572083925121055215e-01 1.218052182155974217e-01
5.415747406555748711e-01 1.218274794841492648e-01
5.259005341779126042e-01 1.217315939668945080e-01
5.102007760366280564e-01 1.215288679794582494e-01
4.944902350322102347e-01 1.212316936374647214e-01
4.787841352098673453e-01 1.208476094049711624e-01
4.630985671870381792e-01 1.203647293818864011e-01
4.474498979139893695e-01 1.197663114121522848e-01
4.318542206426315144e-01 1.190392418873339742e-01
4.163266274181957605e-01 1.181913082249615998e-01
4.008816830199080083e-01 1.172377462668197923e-01
3.855340313828370391e-01 1.161916444374056223e-01
3.702990876878077819e-01 1.150479569696196830e-01
3.551926980588900329e-01 1.137925599775510416e-01
3.402304807259854402e-01 1.124122919924785552e-01
3.254272831250740738e-01 1.109074135990681664e-01
3.107972730697907138e-01 1.092874595985898617e-01
2.963544929728643695e-01 1.075620837746579794e-01
2.821128626837855480e-01 1.057398271145761764e-01
2.680861170646122171e-01 1.038281719162496980e-01
2.542878924838246069e-01 1.018341893164661782e-01
2.407321597231710519e-01 9.975130715703953155e-02
2.274336915971418016e-01 9.755538834344998356e-02
2.144069840666996685e-01 9.522128324322742809e-02
2.016652941048441283e-01 9.274296095501567694e-02
1.892199184270717538e-01 9.014830728085639067e-02
1.770816816038776331e-01 8.746863091839918170e-02
1.652612376985490295e-01 8.473272075432661254e-02
1.537692364435701842e-01 8.196327799321163898e-02
1.426160485713179604e-01 7.918203359371353556e-02
1.318120825921794970e-01 7.640350725883063299e-02
1.213686524272341166e-01 7.361761990394341537e-02
1.112970015807507873e-01 7.080891879931301702e-02
1.016079596648315347e-01 6.796231578008549157e-02
9.231188488097413769e-02 6.506510226784438522e-02
8.341870261413476817e-02 6.210516008265606902e-02
7.493789163144132237e-02 5.907182125243611026e-02
6.687794400504758208e-02 5.596547950303364105e-02
5.924672818553194248e-02 5.279102505499901066e-02
5.205165135868241449e-02 4.955398459638398617e-02
4.529926469827840613e-02 4.626829836426926690e-02
3.899545724484639736e-02 4.295250045266496564e-02
3.314575455791878011e-02 3.962368794884896239e-02
2.775602019138516743e-02 3.628318642283141077e-02
2.283228146228194130e-02 3.292042347394758678e-02
1.838015755330168685e-02 2.952379174983573926e-02
1.440428908009640935e-02 2.609166684942589368e-02
1.090845532279559500e-02 2.263039165516833942e-02
7.896167508260696494e-03 1.914211011022494413e-02
5.369883590236029965e-03 1.564042093152899493e-02
3.329618835060530174e-03 1.217759494345766955e-02
1.772044096357942855e-03 8.862312829038978754e-03
6.959107611307344989e-04 5.752732922539456270e-03
1.044525061645663921e-04 2.809131750681750136e-03
0.000000000000000000e+00 0.000000000000000000e+00
2.947685930627231654e-04 -9.403740851324712824e-04
1.070024050939826724e-03 -1.617847180578637278e-03
2.329463367231125216e-03 -2.119663751074004135e-03
4.077914088569298788e-03 -2.564918239070276829e-03
6.316471291964895554e-03 -3.008744094870714411e-03
9.041433526503901003e-03 -3.421308930964895093e-03
1.224890565148270549e-02 -3.778444360470069319e-03
1.593518640922275686e-02 -4.069254190650587778e-03
2.009650370103505460e-02 -4.290742807336522455e-03
2.472857490570084388e-02 -4.439336535831629391e-03
2.982669425780502814e-02 -4.512127429250710822e-03
3.538573344343828864e-02 -4.507178969670855469e-03
4.140009791797173017e-02 -4.422445007118920579e-03
4.786380518101718273e-02 -4.256907691257295206e-03
5.477048527448136889e-02 -4.011028220178655505e-03
6.211333582500856709e-02 -3.685346692592561795e-03
6.988524524624402379e-02 -3.282762396514587056e-03
7.807888815256187887e-02 -2.810413603075470959e-03
8.668653091512873443e-02 -2.275846718794845899e-03
9.569994175756239840e-02 -1.684583677706828504e-03
1.051102183492051145e-01 -1.037313151003806024e-03
1.149080500255138665e-01 -3.340278518153233338e-04
1.250835886957293586e-01 4.279308691183810278e-04
1.356261866033983410e-01 1.260068353845319620e-03
1.465247095233188912e-01 2.175684374326625464e-03
1.577677247862343812e-01 3.187197528308961803e-03
1.693436566918850861e-01 4.303083463898696448e-03
1.812406605161980822e-01 5.530651019103374408e-03
1.934467499170635929e-01 6.873532157885978502e-03
2.059508557349269409e-01 8.311115998389208975e-03
2.187421125776870812e-01 9.812898088428894869e-03
2.318092501059098587e-01 1.135047297887609684e-02
2.451396976087142632e-01 1.291635120158146632e-02
2.587200169878552947e-01 1.451484094308842093e-02
2.725364742917913974e-01 1.614961217528589066e-02
2.865758068937456771e-01 1.781328536556743211e-02
3.008248299259425051e-01 1.948989415155057137e-02
3.152702223545132965e-01 2.116380321349919935e-02
3.298976978757544032e-01 2.283369124917812923e-02
3.446920232347687185e-01 2.451336581096298650e-02
3.596378396278298584e-01 2.621675634788135992e-02
3.747210716478694414e-01 2.792839217423544532e-02
3.899297101061227622e-01 2.959033135900096187e-02
4.052517115740186804e-01 3.114177911360152540e-02
4.206717640960058735e-01 3.258574751596177155e-02
4.361679396307912571e-01 3.405265570966149735e-02
4.517175170436773524e-01 3.568796000951863362e-02
4.673013513519140849e-01 3.756372180703854841e-02
4.829107967862654727e-01 3.954632838706676617e-02
4.985389338597561171e-01 4.146639303278649297e-02
5.141768242368851549e-01 4.319489120785466318e-02
5.298072172067039842e-01 4.476421273354515978e-02
5.454110214548597568e-01 4.624712535235118993e-02
5.609695087328111507e-01 4.770571644169956799e-02
5.764673005630940317e-01 4.914078124528565433e-02
5.918900693250123135e-01 5.053123574012682862e-02
6.072234541624698112e-01 5.185900233639132578e-02
6.224518615473885186e-01 5.313146469285386087e-02
6.375591696922945362e-01 5.436876557378980679e-02
6.525295149805561135e-01 5.558831302085210507e-02
6.673491186034855582e-01 5.677114454670991600e-02
6.820054203243169910e-01 5.787311420328991596e-02
6.964861067759464675e-01 5.885109137938732138e-02
7.107775077726520285e-01 5.969338006143928843e-02
7.248644432607984633e-01 6.041803081719461510e-02
7.387321512605643514e-01 6.104426404000690837e-02
7.523658655979220677e-01 6.159020694463687717e-02
7.657513081486960749e-01 6.207260212256573290e-02
7.788743868436235340e-01 6.250805404253523267e-02
7.917215669447659199e-01 6.290806598229849167e-02
8.042800114304882175e-01 6.327509842818390684e-02
8.165372292296982915e-01 6.361067518669835663e-02
8.284813655555427481e-01 6.390966338515594036e-02
8.401016926961978326e-01 6.415060417364021328e-02
8.513880259805519657e-01 6.430957067708473196e-02
8.623300783892685617e-01 6.436700406694385868e-02
8.729173936863551253e-01 6.431843739576063868e-02
8.831395307852212273e-01 6.416263273108137322e-02
8.929863186786276552e-01 6.390126182775240915e-02
9.024472250475502610e-01 6.355016968199556082e-02
9.115120372093850065e-01 6.312948627964795612e-02
9.201706709653781902e-01 6.265916190902066918e-02
9.284137071075170278e-01 6.215780366148097869e-02
9.362321716393721127e-01 6.164347800103124608e-02
9.436174775058694397e-01 6.113250711775460033e-02
9.505624411960051923e-01 6.062414362663432615e-02
9.570607852979039487e-01 6.010801933552093607e-02
9.631065459718196609e-01 5.957346727468353087e-02
9.686945769718826593e-01 5.900782240369992909e-02
9.738203322981019427e-01 5.839012139039505972e-02
9.784810135035951761e-01 5.767790546154568515e-02
9.826745266487441066e-01 5.682189088178835751e-02
9.863965609756203401e-01 5.582705078069536558e-02
9.896392220029495146e-01 5.477719356378815685e-02
9.923955197654683591e-01 5.374653801999219882e-02
9.946600875533916364e-01 5.279025634240755438e-02
9.964283088386803877e-01 5.195579590870268161e-02
9.976960466026416618e-01 5.129056354086874298e-02
9.984593192943912454e-01 5.084948541758325946e-02
9.987143144649871518e-01 5.069238683205749135e-02
