7.601545751094818115e-02
7.580446451902389526e-02
7.508736103773117065e-02
7.428056746721267700e-02
7.337944954633712769e-02
7.316236197948455811e-02
7.246859371662139893e-02
7.216939330101013184e-02
7.136069238185882568e-02
7.098863273859024048e-02
7.093285024166107178e-02
7.044131308794021606e-02
7.016208022832870483e-02
6.938773393630981445e-02
6.910634040832519531e-02
6.869591027498245239e-02
6.842498481273651123e-02
6.807067245244979858e-02
6.777454912662506104e-02
6.757929176092147827e-02
6.733892112970352173e-02
6.712331622838973999e-02
6.676338613033294678e-02
6.624271720647811890e-02
6.607804447412490845e-02
6.555531173944473267e-02
6.529218703508377075e-02
6.515098363161087036e-02
6.519017368555068970e-02
6.450091302394866943e-02
6.440090388059616089e-02
6.418123841285705566e-02
6.370933353900909424e-02
6.341961771249771118e-02
6.310752779245376587e-02
6.293980032205581665e-02
6.272555142641067505e-02
6.246193498373031616e-02
6.224249675869941711e-02
6.200703233480453491e-02
