1.008980532323435986e+00 -1.196796759457774417e-03
1.000208157859143299e+00 1.561183943575122175e-03
1.000147275403914460e+00 1.580325013915641688e-03
9.999646407746480836e-01 1.637733500200968259e-03
9.996602921826490684e-01 1.733365247860752705e-03
9.992342933202207345e-01 1.867146731346288301e-03
9.986867333707869498e-01 2.038975152028882701e-03
9.980177270229260156e-01 2.248718574849098255e-03
9.972274144881773106e-01 2.496216103309592104e-03
9.963159615224457255e-01 2.781278092292039338e-03
9.952835594507912775e-01 3.103686398066683814e-03
9.941304251953568816e-01 3.463194664754144694e-03
9.928568013061507269e-01 3.859528646392770129e-03
9.914629559943702874e-01 4.292386563663649207e-03
9.899491831679206877e-01 4.761439494224997855e-03
9.883158024687530574e-01 5.266331795514280281e-03
9.865631593116239717e-01 5.806681558785272562e-03
9.846916249238489849e-01 6.382081093063289232e-03
9.827015963856013947e-01 6.992097437621067058e-03
9.805934966702942734e-01 7.636272901502365318e-03
9.783677746845570455e-01 8.314125628555660980e-03
9.760249053073143388e-01 9.025150186372156436e-03
9.735653894274541864e-01 9.768818177472058176e-03
9.709897539795717680e-01 1.054457887102928058e-02
9.682985519772658867e-01 1.135185985338479572e-02
9.654923625434629342e-01 1.219006769556276945e-02
9.625717909372438763e-01 1.305858863597269756e-02
9.595374685766540068e-01 1.395678927646502691e-02
9.563900530569804381e-01 1.488401728988624981e-02
9.531302281639894014e-01 1.583960213728003233e-02
9.497587038816311944e-01 1.682285579287815663e-02
9.462762163937309401e-01 1.783307347503147386e-02
9.426835280792003058e-01 1.886953438125381008e-02
9.389814275003267596e-01 1.993150242556422647e-02
9.351707293837171475e-01 2.101822697635400555e-02
9.312522745934910251e-01 2.212894359303320402e-02
9.272269300963547067e-01 2.326287475976135388e-02
9.230955889182005381e-01 2.441923061461405767e-02
9.188591700919157557e-01 2.559720967259787594e-02
9.145186185961091674e-01 2.679599954098627751e-02
9.100749052844946396e-01 2.801477762552148643e-02
9.055290268057039071e-01 2.925271182610023751e-02
9.008820055133327509e-01 3.050896122064536073e-02
8.961348893660564530e-01 3.178267673594616094e-02
8.912887518176852986e-01 3.307300180434594866e-02
8.863446916970604272e-01 3.437907300524555010e-02
8.813038330777290819e-01 3.570002069049221793e-02
8.761673251373610638e-01 3.703496959282593509e-02
8.709363420069087258e-01 3.838303941665698049e-02
8.656120826095397014e-01 3.974334541055950243e-02
8.601957704893977708e-01 4.111499892097286724e-02
8.546886536302820137e-01 4.249710792671387849e-02
8.490920042643544940e-01 4.388877755401644765e-02
8.434071186710140333e-01 4.528911057192479273e-02
8.376353169661008291e-01 4.669720786798192691e-02
8.317779428816061138e-01 4.811216890426560366e-02
8.258363635360941313e-01 4.953309215393356807e-02
8.198119691960467081e-01 5.095907551855351214e-02
8.137061730283664529e-01 5.238921672659452300e-02
8.075204108442748385e-01 5.382261371356826529e-02
8.012561408348588543e-01 5.525836498440493683e-02
7.949148432985233548e-01 5.669556995874862337e-02
7.884980203606066773e-01 5.813332929995319864e-02
7.820071956854232065e-01 5.957074522864613808e-02
7.754439141809920111e-01 6.100692182181524648e-02
7.688097416967041298e-01 6.244096529845162558e-02
7.621062647141798596e-01 6.387198429285564916e-02
7.553350900315516370e-01 6.529909011678201869e-02
7.484978444414011056e-01 6.672139701165873127e-02
7.415961744025598712e-01 6.813802239217151002e-02
7.346317457059718947e-01 6.954808708255137695e-02
7.276062431347946058e-01 7.095071554694157290e-02
7.205213701188911690e-01 7.234503611525629208e-02
7.133788483838561234e-01 7.373018120596284974e-02
7.061804175946764239e-01 7.510528754723969080e-02
6.989278349941189239e-01 7.646949639796879472e-02
6.916228750359028066e-01 7.782195377002082415e-02
6.842673290126886076e-01 7.916181065328478650e-02
6.768630046788894905e-01 8.048822324487540925e-02
6.694117258682803495e-01 8.180035318392793464e-02
6.619153321063552253e-01 8.309736779335608059e-02
6.543756782173532072e-01 8.437844032990773901e-02
6.467946339258431321e-01 8.564275024380393897e-02
6.391740834527374071e-01 8.688948344918828726e-02
6.315159251055714185e-01 8.811783260655027539e-02
6.238220708628645639e-01 8.932699741821248374e-02
6.160944459523536310e-01 9.051618493789251318e-02
6.083349884228688165e-01 9.168460989526350247e-02
6.005456487095998108e-01 9.283149503634574584e-02
5.927283891924848280e-01 9.395607148045911905e-02
5.848851837474388082e-01 9.505757909436557407e-02
5.770180172901204774e-01 9.613526688411813681e-02
5.691288853119340629e-01 9.718839340501725377e-02
5.612197934079478090e-01 9.821622718995862145e-02
5.532927567964111004e-01 9.921804719633103842e-02
5.453497998295484539e-01 1.001931432714975034e-01
5.373929554953118526e-01 1.011408166367638167e-01
5.294242649097771203e-01 1.020603803896062145e-01
5.214457767998804671e-01 1.029511600237991431e-01
5.134595469762006648e-01 1.038124939669479163e-01
5.054676377955121813e-01 1.046437341347989103e-01
4.974721176128504840e-01 1.054442465015641983e-01
4.894750602228534198e-01 1.062134116853661603e-01
4.814785442901726720e-01 1.069506255477759293e-01
4.734846527687720519e-01 1.076552998062884070e-01
4.654954723099692937e-01 1.083268626584526217e-01
4.575130926591078340e-01 1.089647594162510003e-01
4.495396060407877981e-01 1.095684531492029934e-01
4.415771065326252742e-01 1.101374253345526466e-01
4.336276894275513105e-01 1.106711765127920133e-01
4.256934505847138617e-01 1.111692269466652561e-01
4.177764857690885458e-01 1.116311172817044256e-01
4.098788899799585272e-01 1.120564092062530659e-01
4.020027567684742453e-01 1.124446861088525818e-01
3.940337663391924594e-01 1.127907090244432420e-01
3.860498690061145988e-01 1.130821568204087302e-01
3.780930310909529357e-01 1.133182935494480015e-01
3.701655537989539946e-01 1.134989939319025198e-01
3.622697362883559036e-01 1.136241759434206827e-01
3.544078745336887715e-01 1.136938011667775472e-01
3.465822601697574612e-01 1.137078750989614639e-01
3.387951793180152826e-01 1.136664474111888090e-01
3.310489113971469832e-01 1.135696121595675678e-01
3.233457279197920475e-01 1.134175079442005796e-01
3.156878912774425117e-01 1.132103180146017685e-01
3.080776535156406482e-01 1.129482703193895182e-01
3.005172551016946914e-01 1.126316374983251378e-01
2.930089236872028269e-01 1.122607368148755835e-01
2.855548728677485548e-01 1.118359300276027257e-01
2.781573009421869913e-01 1.113576231988099019e-01
2.708183896739925212e-01 1.108262664390192442e-01
2.635403030571710770e-01 1.102423535859969606e-01
2.563251860892771239e-01 1.096064218172005805e-01
2.491751635540770393e-01 1.089190511946827866e-01
2.420923388164178958e-01 1.081808641416533989e-01
2.350787926318468335e-01 1.073925248500747220e-01
2.281365819735067524e-01 1.065547386188425150e-01
2.212677388788058530e-01 1.056682511222860887e-01
2.144742693183172844e-01 1.047338476089078318e-01
2.077581520893093669e-01 1.037523520304673985e-01
2.011213377362424948e-01 1.027246261017086548e-01
1.945657475004962944e-01 1.016515682912152718e-01
1.880932723015029673e-01 1.005341127440754767e-01
1.817057717513655968e-01 9.937322813722539172e-02
1.754050732049365069e-01 9.816991646853195919e-02
1.691929708472172944e-01 9.692521178086666023e-02
1.630712248198128989e-01 9.564017882260558712e-02
1.570415603880495614e-01 9.431591164617911249e-02
1.511056671502181703e-01 9.295353214647159024e-02
1.452651982902677941e-01 9.155418854105204507e-02
1.395217698751159141e-01 9.011905379438635288e-02
1.338769601975879631e-01 8.864932398835004279e-02
1.283323091658403192e-01 8.714621664152306935e-02
1.228893177399489195e-01 8.561096897990186361e-02
1.175494474161841163e-01 8.404483616181497585e-02
1.123141197593214846e-01 8.244908945996966276e-02
1.071847159831620655e-01 8.082501440369174728e-02
1.021625765792716356e-01 7.917390888454881037e-02
9.724900099376920792e-02 7.749708122866454107e-02
9.244524735183264064e-02 7.579584823914492508e-02
8.775253222941316322e-02 7.407153321213615083e-02
8.317203047149154815e-02 7.232546393012981301e-02
7.870487505604414902e-02 7.055897063621409393e-02
7.435215700272834738e-02 6.877338399304386285e-02
7.011492532514654319e-02 6.697003303036902500e-02
6.599418702540019166e-02 6.515024308501600470e-02
6.199090712950526549e-02 6.331533373726339065e-02
5.810600876210542109e-02 6.146661674758852750e-02
5.434037325879632896e-02 5.960539399779025971e-02
5.069484031425596643e-02 5.773295544050894429e-02
4.717020816426561319e-02 5.585057706117162180e-02
4.376723379960843763e-02 5.395951885638884671e-02
4.048663320974323077e-02 5.206102283281713317e-02
3.732908165406817469e-02 5.015631103047849676e-02
3.429521395852454940e-02 4.824658357449899265e-02
3.138562483522615298e-02 4.633301675918512913e-02
2.860086922275880544e-02 4.441676116831039245e-02
2.594146264475132718e-02 4.249893983542184228e-02
2.340788158429798343e-02 4.058064644791129633e-02
2.100056387179826539e-02 3.866294359851919771e-02
1.871990908377459129e-02 3.674686108785242544e-02
1.656627895023933886e-02 3.483339428140602018e-02
1.453999776820302792e-02 3.292350252447731607e-02
1.264135281894405299e-02 3.101810761825063087e-02
1.087059478670618709e-02 2.911809236021685454e-02
9.227938176539312448e-03 2.722429915196536779e-02
7.713561729065896919e-03 2.533752867725852856e-02
6.327608830027004784e-03 2.345853865315932624e-02
5.070187912546436290e-03 2.158804265684028875e-02
3.941372850145489874e-03 1.972670903055346453e-02
2.941203338640735118e-03 1.787515986708304930e-02
2.069685265171166202e-03 1.603397007784600203e-02
1.326791062717427947e-03 1.420366654563733413e-02
7.124600486037076935e-04 1.238472736384865769e-02
2.265987456056394594e-04 1.057758116381389731e-02
-1.309188155727359151e-04 8.782606531757221682e-03
-3.602508135438276839e-04 7.000131516639716833e-03
-4.615873741450210194e-04 5.230433230011564093e-03
