-4.615873741450210194e-04 5.230433230011564093e-03
-4.351503297964385642e-04 3.473737538793427154e-03
-2.811930009362125903e-04 1.730218851723006740e-03
0.000000000000000000e+00 0.000000000000000000e+00
4.058034832789033774e-04 -1.705298696226007459e-03
9.335612036226213295e-04 -3.374086415703084468e-03
1.582895389701453577e-03 -5.006328793358496947e-03
2.353397482050412302e-03 -6.601998762143672372e-03
3.244628367779536261e-03 -8.161076519712798585e-03
4.256118653288525414e-03 -9.683549528444858681e-03
5.387368974508527711e-03 -1.116941254849011106e-02
6.637850344024818008e-03 -1.261866770338113466e-02
8.007004534271706594e-03 -1.403132457762170347e-02
9.494244495835519118e-03 -1.540740034554329528e-02
1.109895480974400564e-02 -1.674691993059017336e-02
1.282049217247315832e-02 -1.804991619407443279e-02
1.465818591225856449e-02 -1.931643015232287902e-02
1.661133853516050252e-02 -2.054651122102131924e-02
1.867922629920372793e-02 -2.174021748545127905e-02
2.086109981478664541e-02 -2.289761599520358931e-02
2.315618466944426718e-02 -2.401878308185203745e-02
2.556368207494008615e-02 -2.510380469796885672e-02
2.808276953456588163e-02 -2.615277677576978432e-02
3.071260152844261515e-02 -2.716580560358735144e-02
3.345231021453465986e-02 -2.814300821828536261e-02
3.630100614302653877e-02 -2.908451281165067709e-02
3.925777898165045549e-02 -2.999045914872372487e-02
4.232169824951063225e-02 -3.086099899596383631e-02
4.549181405691322955e-02 -3.169629655708407906e-02
4.876715784868688314e-02 -3.249652891433663787e-02
5.214674314846962089e-02 -3.326188647298274764e-02
5.562956630143332803e-02 -3.399257340664085802e-02
5.921460721292805263e-02 -3.468880810117297431e-02
6.290083008055416536e-02 -3.535082359474424341e-02
6.668718411719710970e-02 -3.597886801167161225e-02
7.057260426261006969e-02 -3.657320498766690464e-02
7.455601188118005096e-02 -3.713411408407637365e-02
7.863631544358275216e-02 -3.766189118872340091e-02
8.281241119010526730e-02 -3.815684890097377491e-02
8.708318377350307560e-02 -3.861931689866297812e-02
9.144750687935421229e-02 -3.904964228455379965e-02
9.590424382197962339e-02 -3.944818991002932429e-02
1.004522481141093826e-01 -3.981534267376991842e-02
1.050903640086015972e-01 -4.015150179321641533e-02
1.098174270106480471e-01 -4.045708704668164735e-02
1.146322643590385049e-01 -4.073253698404137590e-02
1.195336954751986536e-01 -4.097830910401095705e-02
1.245205323788672602e-01 -4.119487999609959539e-02
1.295915800694331654e-01 -4.138274544542368261e-02
1.347456368721068332e-01 -4.154242049866126163e-02
1.399814947482722616e-01 -4.167443948953482996e-02
1.452979395695202514e-01 -4.177935602232286938e-02
1.506937513550408447e-01 -4.185774291202046249e-02
1.561677044722121488e-01 -4.191019207989564455e-02
1.617185678004004479e-01 -4.193731440331966570e-02
1.673451048581481859e-01 -4.193973951888890078e-02
1.730460738940954868e-01 -4.191811557799800941e-02
1.788202279421495233e-01 -4.187310895417376000e-02
1.846663148415731426e-01 -4.180540390163120512e-02
1.905830772228248315e-01 -4.171570216467140879e-02
1.965692524601393432e-01 -4.160472253770124140e-02
2.026235725919802722e-01 -4.147320037581861407e-02
2.087447642106477763e-01 -4.132188705607458407e-02
2.149315483224514545e-01 -4.115154938969093484e-02
2.211826401799958930e-01 -4.096296898568376615e-02
2.274967490882426613e-01 -4.075694156651230721e-02
2.338725781861240027e-01 -4.053427623654575623e-02
2.403088242055919366e-01 -4.029579470431036287e-02
2.468041772100756370e-01 -4.004233045964913917e-02
2.533573203144047215e-01 -3.977472790709492972e-02
2.599669293883293819e-01 -3.949384145692327180e-02
2.666316727458332148e-01 -3.920053457551421483e-02
2.733502108224811766e-01 -3.889567879681114088e-02
2.801211958430877003e-01 -3.858015269681972642e-02
2.869432714820200903e-01 -3.825484083323930223e-02
2.938150725184674461e-01 -3.792063265246287812e-02
3.007352244890083015e-01 -3.757842136632017632e-02
3.077023433398122787e-01 -3.722910280106723341e-02
3.147150350807834673e-01 -3.687357422125002449e-02
3.217718954439330870e-01 -3.651273313118436753e-02
3.288715095482255824e-01 -3.614747605689862947e-02
3.360124515730921191e-01 -3.577869731148387161e-02
3.431932844427465490e-01 -3.540728774688194774e-02
3.504125595233699153e-01 -3.503413349521789649e-02
3.576688163351448568e-01 -3.466011470284940249e-02
3.649605822810410016e-01 -3.428610426035962055e-02
3.722863723941495229e-01 -3.391296653176301829e-02
3.796446891052640549e-01 -3.354155608622465951e-02
3.870340220322953106e-01 -3.317271643561275907e-02
3.944528477929885590e-01 -3.280727878121089680e-02
4.019392940275477444e-01 -3.244554942910137657e-02
4.095674592311392970e-01 -3.207741812278862986e-02
4.172191596121123114e-01 -3.169915590368481417e-02
4.248926135110253632e-01 -3.131139082892628323e-02
4.325860304679696733e-01 -3.091474632959214514e-02
4.402976115084668018e-01 -3.050984030423644494e-02
4.480255494425988694e-01 -3.009728423611949394e-02
4.557680291773415493e-01 -2.967768233650235760e-02
4.635232280420149009e-01 -2.925163071625901806e-02
4.712893161267198705e-01 -2.881971658794135055e-02
4.790644566335746646e-01 -2.838251750030937326e-02
4.868468062405226227e-01 -2.794060060720662819e-02
4.946345154774364206e-01 -2.749452197252453406e-02
5.024257291142012471e-01 -2.704482591285762433e-02
5.102185865604234039e-01 -2.659204437930502013e-02
5.180112222763723073e-01 -2.613669637972160925e-02
5.258017661947309573e-01 -2.567928744257062107e-02
5.335883441527042859e-01 -2.522030912337093478e-02
5.413690783340026069e-01 -2.476023855457334250e-02
5.491420877202023432e-01 -2.429953803954149061e-02
5.569054885509602260e-01 -2.383865469114942320e-02
5.646573947925450643e-01 -2.337802011534981239e-02
5.723959186141405198e-01 -2.291805013990187018e-02
5.801191708713605566e-01 -2.245914458829259552e-02
5.878252615964174588e-01 -2.200168709872364625e-02
5.955123004943784215e-01 -2.154604498788247752e-02
6.031783974449502761e-01 -2.109256915906334434e-02
6.108216630092364596e-01 -2.064159405405385783e-02
6.184402089409188896e-01 -2.019343764805916347e-02
6.260321487013255082e-01 -1.974840148679481155e-02
6.335955979778659097e-01 -1.930677076474351939e-02
6.411286752053234617e-01 -1.886881444344324504e-02
6.486295020895195274e-01 -1.843478540854936315e-02
6.560962041328829430e-01 -1.800492066429694449e-02
6.635269111614809923e-01 -1.757944156388013823e-02
6.709197578530929906e-01 -1.715855407416265466e-02
6.782728842659360158e-01 -1.674244907303814103e-02
6.855844363676733000e-01 -1.633130267767330182e-02
6.928525665643742171e-01 -1.592527660178721938e-02
7.000754342291126697e-01 -1.552451854005014106e-02
7.072512062299280977e-01 -1.512916257762444636e-02
7.143780574569019715e-01 -1.473932962281573542e-02
7.214541713481258389e-01 -1.435512786076048944e-02
7.284777404143758517e-01 -1.397665322603980353e-02
7.354469667623297902e-01 -1.360398989208379955e-02
7.423600626161924732e-01 -1.323721077521420805e-02
7.492152508376257458e-01 -1.287637805116391768e-02
7.560107654438976699e-01 -1.252154368191437175e-02
7.627448521241972923e-01 -1.217274995069962326e-02
7.694157687540784663e-01 -1.183003000304489946e-02
7.760217859080168479e-01 -1.149340839173436379e-02
7.825611873700881738e-01 -1.116290162363579516e-02
7.890322706427830290e-01 -1.083851870635437267e-02
7.954333474539971860e-01 -1.052026169273601389e-02
8.017627442622421441e-01 -1.020812622129932401e-02
8.080188027601288292e-01 -9.902102050739120670e-03
8.141998803761921755e-01 -9.602173586715011949e-03
8.203043507751159868e-01 -9.308320399216064855e-03
8.263306043564315750e-01 -9.020517728875358104e-03
8.322770487517545668e-01 -8.738736980695025608e-03
8.381421093206197215e-01 -8.462946203738424406e-03
8.439242296449774861e-01 -8.193110555439031550e-03
8.496218720223900345e-01 -7.929192749281211566e-03
8.552335179579734215e-01 -7.671153484709553744e-03
8.607576686550997280e-01 -7.418951858232287339e-03
8.661928455048701903e-01 -7.172545754795155853e-03
8.715375905743482088e-01 -6.931892218611379261e-03
8.767904670935163791e-01 -6.696947802749351336e-03
8.819500599409103581e-01 -6.467668896892181385e-03
8.870149761278449674e-01 -6.244012032797148851e-03
8.919838452811358342e-01 -6.025934167099955552e-03
8.968553201241865613e-01 -5.813392941218079729e-03
9.016280769562814434e-01 -5.606346918224166739e-03
9.063008161299045407e-01 -5.404755796668173073e-03
9.108722625258671712e-01 -5.208580601436434490e-03
9.153411660260017957e-01 -5.017783851843067924e-03
9.197063019831500652e-01 -4.832329707249168743e-03
9.239664716881397233e-01 -4.652184090608999650e-03
9.281205028334209572e-01 -4.477314790433745834e-03
9.321672499729977135e-01 -4.307691541758178894e-03
9.361055949782670638e-01 -4.143286086780237007e-03
9.399344474893467360e-01 -3.984072215928204964e-03
9.436527453614492744e-01 -3.830025790182873917e-03
9.472594551058323153e-01 -3.681124745558367675e-03
9.507535723248342618e-01 -3.537349080704993431e-03
9.541341221404817663e-01 -3.398680828664236465e-03
9.574001596161347827e-01 -3.265104013850170586e-03
9.605507701706169632e-01 -3.136604595388302330e-03
9.635850699842675171e-01 -3.013170397974537784e-03
9.665022063963323307e-01 -2.894791031456676531e-03
9.693013582931038208e-01 -2.781457800365697095e-03
9.719817364862129994e-01 -2.673163604642242192e-03
9.745425840804683437e-01 -2.569902832822461812e-03
9.769831768306377340e-01 -2.471671248948213977e-03
9.793028234865628345e-01 -2.378465874470034325e-03
9.815008661260102851e-01 -2.290284866404440883e-03
9.835766804746582936e-01 -2.207127392991066472e-03
9.855296762126328769e-01 -2.128993508079301752e-03
9.873592972670206525e-01 -2.055884025443249080e-03
9.890650220897939660e-01 -1.987800394196135439e-03
9.906463639206101179e-01 -1.924744576433498524e-03
9.921028710339598877e-01 -1.866718928191768738e-03
9.934341269701669752e-01 -1.813726084759771564e-03
9.946397507497658497e-01 -1.765768851325089876e-03
9.957193970708120290e-01 -1.722850099878501682e-03
9.966727564887104540e-01 -1.684972673234143205e-03
9.974995555781800416e-01 -1.652139296956489515e-03
9.981995570770063608e-01 -1.624352499911053656e-03
9.987725600112726809e-01 -1.601614544081084342e-03
9.992183998017943880e-01 -1.583927364212420153e-03
9.995369483515257336e-01 -1.571292517768548046e-03
9.997281141137428495e-01 -1.563711145590638684e-03
9.997918421408567013e-01 -1.561183943575122175e-03
1.008980532323435986e+00 -1.196796759457774417e-03
