1.690778603658441293e-01 6.482302608064971494e-02
1.690778603658441293e-01 5.157630986114324079e-02
1.514155720731688304e-01 5.157630986114324079e-02
1.514155720731688304e-01 -1.410555016882673179e-03
1.690778603658441293e-01 -1.410555016882673179e-03
1.690778603658441293e-01 -1.465727123638915080e-02
1.249221396341558543e-01 -1.465727123638915080e-02
1.249221396341558543e-01 -1.410555016882673179e-03
1.425844279268311532e-01 -1.410555016882673179e-03
1.425844279268311532e-01 5.157630986114324079e-02
1.249221396341558543e-01 5.157630986114324079e-02
1.249221396341558543e-01 6.482302608064971494e-02
