7.453467028538446337e-01 4.607825961585304553e-02
7.453467028538446337e-01 4.002023790354626576e-02
7.372693405707688719e-01 4.002023790354626576e-02
7.372693405707688719e-01 1.578815105431914320e-02
7.453467028538446337e-01 1.578815105431914320e-02
7.453467028538446337e-01 9.730129342012363430e-03
7.251532971461552846e-01 9.730129342012363430e-03
7.251532971461552846e-01 1.578815105431914320e-02
7.332306594292310464e-01 1.578815105431914320e-02
7.332306594292310464e-01 4.002023790354626576e-02
7.251532971461552846e-01 4.002023790354626576e-02
7.251532971461552846e-01 4.607825961585304553e-02
