1.273092627525329590e-01
1.113401800394058228e-01
1.096888110041618347e-01
1.009891033172607422e-01
1.187267601490020752e-01
1.218941509723663330e-01
9.424743056297302246e-02
1.186823993921279907e-01
1.082903295755386353e-01
9.331766515970230103e-02
9.540643543004989624e-02
1.086688339710235596e-01
1.577771008014678955e-01
1.178014203906059265e-01
9.541887044906616211e-02
9.178558737039566040e-02
9.386616200208663940e-02
9.480489045381546021e-02
9.023379534482955933e-02
8.912560343742370605e-02
1.029658988118171692e-01
9.688831865787506104e-02
1.083167940378189087e-01
1.443635821342468262e-01
9.627172350883483887e-02
8.712867647409439087e-02
9.243450313806533813e-02
8.697237074375152588e-02
1.007048264145851135e-01
8.711931854486465454e-02
1.176633238792419434e-01
9.386873990297317505e-02
1.077119931578636169e-01
9.509420394897460938e-02
8.700687438249588013e-02
8.930914849042892456e-02
8.607370406389236450e-02
8.546473085880279541e-02
8.600403368473052979e-02
8.757311850786209106e-02
8.472023159265518188e-02
9.316487610340118408e-02
8.640028536319732666e-02
9.117382019758224487e-02
8.633092790842056274e-02
8.398851752281188965e-02
8.344399929046630859e-02
8.424799889326095581e-02
8.475966006517410278e-02
8.396118134260177612e-02
8.449082076549530029e-02
8.228876441717147827e-02
8.357077091932296753e-02
8.334617316722869873e-02
8.433443307876586914e-02
8.255751430988311768e-02
8.304738998413085938e-02
8.195870369672775269e-02
8.296301215887069702e-02
8.131553232669830322e-02
8.176042139530181885e-02
8.123654872179031372e-02
8.134095370769500732e-02
8.123886585235595703e-02
8.030399680137634277e-02
8.009123057126998901e-02
7.998061180114746094e-02
8.141313493251800537e-02
8.028282225131988525e-02
8.106071501970291138e-02
8.054175227880477905e-02
8.001907914876937866e-02
7.891150563955307007e-02
7.961892336606979370e-02
7.885824888944625854e-02
7.854010909795761108e-02
8.041883260011672974e-02
7.837957888841629028e-02
7.926259934902191162e-02
7.798459380865097046e-02
