1.175682321190834045e-01
1.002448052167892456e-01
1.011572033166885376e-01
9.610661119222640991e-02
9.437549859285354614e-02
9.500697255134582520e-02
9.417244046926498413e-02
9.785976260900497437e-02
9.551584720611572266e-02
9.681311249732971191e-02
9.215600043535232544e-02
9.406855702400207520e-02
9.232524037361145020e-02
9.858154505491256714e-02
9.104078263044357300e-02
9.223627299070358276e-02
9.116209298372268677e-02
9.286677092313766479e-02
9.042183309793472290e-02
9.019957482814788818e-02
9.114034473896026611e-02
8.996576815843582153e-02
9.041553735733032227e-02
9.219026565551757812e-02
9.008852392435073853e-02
9.053260087966918945e-02
9.066758304834365845e-02
8.926674723625183105e-02
9.024729579687118530e-02
8.842044323682785034e-02
9.168168902397155762e-02
8.896513283252716064e-02
8.954934775829315186e-02
8.974485844373703003e-02
8.886681497097015381e-02
8.920797705650329590e-02
8.913489431142807007e-02
8.856351673603057861e-02
8.773534744977951050e-02
8.690683543682098389e-02
8.906780928373336792e-02
8.722682297229766846e-02
8.711076527833938599e-02
8.868128061294555664e-02
8.985517919063568115e-02
8.822549879550933838e-02
8.642067760229110718e-02
8.668734133243560791e-02
8.805879950523376465e-02
8.617348223924636841e-02
8.662903308868408203e-02
8.693095296621322632e-02
8.622677624225616455e-02
8.717276901006698608e-02
8.797036111354827881e-02
8.584923297166824341e-02
8.506999909877777100e-02
8.566617965698242188e-02
8.577901124954223633e-02
8.536408841609954834e-02
8.651500940322875977e-02
8.568888902664184570e-02
8.494070172309875488e-02
8.480349928140640259e-02
8.561985939741134644e-02
8.640738576650619507e-02
8.486999571323394775e-02
8.538460731506347656e-02
8.536431193351745605e-02
8.434977382421493530e-02
8.424815535545349121e-02
8.414015173912048340e-02
8.596844971179962158e-02
8.428740501403808594e-02
8.440721035003662109e-02
8.406332880258560181e-02
8.539941161870956421e-02
8.440681546926498413e-02
8.396656811237335205e-02
8.382388949394226074e-02
