1.333224624395370483e-01
1.199840083718299866e-01
1.404007971286773682e-01
1.186012849211692810e-01
1.334094405174255371e-01
1.248010694980621338e-01
1.216500550508499146e-01
1.345042437314987183e-01
1.458352804183959961e-01
1.368770450353622437e-01
1.268369108438491821e-01
1.183547675609588623e-01
1.449469178915023804e-01
1.392556279897689819e-01
1.204320341348648071e-01
1.270178258419036865e-01
1.204042136669158936e-01
1.383567005395889282e-01
1.356820017099380493e-01
1.337505877017974854e-01
1.394328325986862183e-01
1.445626467466354370e-01
1.407079696655273438e-01
1.403823196887969971e-01
1.381018906831741333e-01
1.407978534698486328e-01
1.373003870248794556e-01
1.380126178264617920e-01
1.208708807826042175e-01
1.235128417611122131e-01
1.206956654787063599e-01
1.343259960412979126e-01
1.436690688133239746e-01
1.219388470053672791e-01
1.231778264045715332e-01
1.267910897731781006e-01
1.349593847990036011e-01
1.404210180044174194e-01
1.209069415926933289e-01
1.453242450952529907e-01
1.202167272567749023e-01
