9.244004770791071079e-01 -3.814233317141455526e-01
9.240884622025528072e-01 -3.805375404250803673e-01
9.236958414307104848e-01 -3.796170696092938668e-01
9.232273727619791925e-01 -3.786636160481770541e-01
9.226878141947586487e-01 -3.776788765231210432e-01
9.220819237274481273e-01 -3.766645478155170035e-01
9.214144593584470133e-01 -3.756223267067560490e-01
9.206901790861545809e-01 -3.745539099782291825e-01
9.199138409089707702e-01 -3.734609944113276292e-01
9.190902028252944111e-01 -3.723452767874423364e-01
9.182240228335253329e-01 -3.712084538879646400e-01
9.173200589320625875e-01 -3.700522224942853766e-01
9.163830691193058930e-01 -3.688782793877958821e-01
9.154169419337968572e-01 -3.676879578087375866e-01
9.144104082112870513e-01 -3.664762532134409057e-01
9.133393238641189793e-01 -3.652327777568503686e-01
9.121791357172119863e-01 -3.639469725450565352e-01
9.109052905954857504e-01 -3.626082786841501315e-01
9.094932353238593947e-01 -3.612061372802218839e-01
9.079186649087516159e-01 -3.597300940045328743e-01
9.061711066992848007e-01 -3.581755224457252584e-01
9.042609406979070785e-01 -3.565465819450331919e-01
9.022002737356628055e-01 -3.548481594004469497e-01
9.000012126435968929e-01 -3.530851417099570289e-01
8.976758642527533638e-01 -3.512624157715536488e-01
8.952363317033430468e-01 -3.493848670030578751e-01
8.926920422805431077e-01 -3.474563076992635557e-01
8.900450305279739016e-01 -3.454775853750725045e-01
8.872960650330129484e-01 -3.434490398471821693e-01
8.844459143830379899e-01 -3.413710109322899977e-01
8.814953471654255468e-01 -3.392438384470929935e-01
8.784451319675533609e-01 -3.370678622082887710e-01
8.752960591058797091e-01 -3.348434246776767487e-01
8.720490342064787237e-01 -3.325708823538068293e-01
8.687050009981600596e-01 -3.302505963735119510e-01
8.652649032337876855e-01 -3.278829278765530431e-01
8.617296846662263476e-01 -3.254682380026912569e-01
8.581002890483401258e-01 -3.230068878916875219e-01
8.543776622292964529e-01 -3.204992563678460415e-01
8.505627726734459326e-01 -3.179459130386065313e-01
8.466566026435675685e-01 -3.153475439158277549e-01
8.426601345993133263e-01 -3.127048366722008921e-01
8.385743510003343948e-01 -3.100184789804170116e-01
8.344002343062831839e-01 -3.072891585131674042e-01
8.301387686313179692e-01 -3.045175656416666543e-01
8.257909823681264250e-01 -3.017044629560197699e-01
8.213579519499066839e-01 -2.988506914010649052e-01
8.168407562183280790e-01 -2.959570958498909943e-01
8.122404740150606095e-01 -2.930245211755870827e-01
8.075581841817741635e-01 -2.900538122512422157e-01
8.027949657520081495e-01 -2.870458144158511415e-01
7.979519209755605580e-01 -2.840014293830042669e-01
7.930301971916557946e-01 -2.809216683541428949e-01
7.880309469200058592e-01 -2.778075551101635843e-01
7.829553226803230848e-01 -2.746601134319629489e-01
7.778044769923184720e-01 -2.714803671004373253e-01
7.725795623762926612e-01 -2.682693398966898846e-01
7.672817524761261776e-01 -2.650280630223139644e-01
7.619122978766078580e-01 -2.617575947074284870e-01
7.564724666754707449e-01 -2.584589993342643610e-01
7.509635269704466598e-01 -2.551333412850518290e-01
7.453867468592682011e-01 -2.517816849420217995e-01
7.397433944396687444e-01 -2.484050946874048482e-01
7.340347419667125894e-01 -2.450046499359674612e-01
7.282620912168777938e-01 -2.415815368492172655e-01
7.224267567414026647e-01 -2.381369877810373126e-01
7.165300531426184172e-01 -2.346722352700530700e-01
7.105732950228557110e-01 -2.311885118548897555e-01
7.045577969844449839e-01 -2.276870500741727532e-01
6.984848743914686686e-01 -2.241690889342178861e-01
6.923558542930488002e-01 -2.206359666537690278e-01
6.861720728825475568e-01 -2.170890990912007767e-01
6.799348665973231620e-01 -2.135299041765478523e-01
6.736455718747330623e-01 -2.099597998398445298e-01
6.673055251521358144e-01 -2.063802040111256397e-01
6.609160640847157042e-01 -2.027925333693011700e-01
6.544785814907155830e-01 -1.991981479219895601e-01
6.479945467310667118e-01 -1.955983290413363662e-01
6.414654348047889032e-01 -1.919943523072458746e-01
6.348927207109016368e-01 -1.883874932996220108e-01
6.282778794484249474e-01 -1.847790275983689778e-01
6.216223860688571135e-01 -1.811702307495068887e-01
6.149277366794690947e-01 -1.775623647040013298e-01
6.081954805578386747e-01 -1.739566570824115643e-01
6.014271752450722763e-01 -1.703543301697941770e-01
5.946243782822761004e-01 -1.667566062512056413e-01
5.877886472105571247e-01 -1.631647076117026807e-01
5.809215395710215502e-01 -1.595798565363419630e-01
5.740246174969302340e-01 -1.560032777250506264e-01
5.670994652876998332e-01 -1.524362075342464151e-01
5.601476739221207257e-01 -1.488798858328208574e-01
5.531708343803436456e-01 -1.453355524903811868e-01
5.461705376425194380e-01 -1.418044473765345814e-01
5.391483746887987261e-01 -1.382878103608881359e-01
5.321059390510940457e-01 -1.347868781951906680e-01
5.250448489477826941e-01 -1.313028574681467109e-01
5.179667364403441887e-01 -1.278369378543287027e-01
5.108732337431504122e-01 -1.243903088414989588e-01
5.037659730705732475e-01 -1.209641599174200027e-01
4.966465866369840221e-01 -1.175596805698540942e-01
4.895167086241985488e-01 -1.141780555183554563e-01
4.823780184652372016e-01 -1.108203598136864865e-01
4.752322408443261925e-01 -1.074875588378183949e-01
4.680811024131354969e-01 -1.041806132045140915e-01
4.609263298233349238e-01 -1.009004835275363055e-01
4.537696497265940598e-01 -9.764813042064782178e-02
4.466127887988319833e-01 -9.442451425511161345e-02
4.394574759115015827e-01 -9.123057344580021155e-02
4.323054438513627695e-01 -8.806720725266145577e-02
4.251584258098879410e-01 -8.493531088832241560e-02
4.180181549785496053e-01 -8.183577956541016052e-02
4.108863645488202154e-01 -7.876950849655173226e-02
4.037647877077934488e-01 -7.573739290097318555e-02
3.966551361474949244e-01 -7.274036039208138515e-02
3.895590502264488220e-01 -6.977944608656305725e-02
3.824781555250463261e-01 -6.685570737251658735e-02
3.754140776236785104e-01 -6.397020163804059689e-02
3.683684421027365596e-01 -6.112398627123341588e-02
3.613428745426115474e-01 -5.831811866019360330e-02
3.543390054462762784e-01 -5.555362957125664636e-02
3.473584969902369091e-01 -5.283137847743791388e-02
3.404030238939169117e-01 -5.015215701853245611e-02
3.334742609080006415e-01 -4.751675666526936764e-02
3.265738827831730084e-01 -4.492596888837793040e-02
3.197035642701186453e-01 -4.238058515858736386e-02
3.128649815861783146e-01 -3.988138552012868154e-02
3.060598308600134265e-01 -3.742899489109371286e-02
2.992898225700477699e-01 -3.502392639271619673e-02
2.925566675115021109e-01 -3.266669067810609034e-02
2.858620764795977154e-01 -3.035779840037351740e-02
2.792077602695557936e-01 -2.809776021262857387e-02
2.725954292340078133e-01 -2.588708517762329867e-02
2.660267771386590208e-01 -2.372622275624233779e-02
2.595034765534761645e-01 -2.161554624664272298e-02
2.530271986666691175e-01 -1.955542398190865741e-02
2.465996146664473643e-01 -1.754622429512424711e-02
2.402223957410209165e-01 -1.558831551937367964e-02
2.338972129906003450e-01 -1.368206589244693426e-02
2.276257155123313503e-01 -1.182781982505974779e-02
2.214095015561059754e-01 -1.002586666553943046e-02
2.152501622112867330e-01 -8.276488008090476453e-03
2.091492885672362190e-01 -6.579965446917546493e-03
2.031084717133171680e-01 -4.936580576225207614e-03
1.971293027388920649e-01 -3.346614990218061119e-03
1.912133656562527984e-01 -1.810318839076066003e-03
1.853622133854731235e-01 -3.278041276240716375e-04
1.795773903104791736e-01 1.100855066141148957e-03
1.738604408149593550e-01 2.475584665278365674e-03
1.682129092826018524e-01 3.796310592846301353e-03
1.626363400970951001e-01 5.062958771903711304e-03
1.571322691476026157e-01 6.275459673211594702e-03
1.517021583894592185e-01 7.433783349384175468e-03
1.463474317099436595e-01 8.537920233479190033e-03
1.410695126817224920e-01 9.587860926987821705e-03
1.358698248774622697e-01 1.058359603140120696e-02
1.307497918698297401e-01 1.152511614821053257e-02
1.257108308929936469e-01 1.241240628252371359e-02
1.207542327504774887e-01 1.324533981136629367e-02
1.158811717157558346e-01 1.402368722511139650e-02
1.110928177080533624e-01 1.474721516967992738e-02
1.063903406465948193e-01 1.541569029099282458e-02
1.017749104506048413e-01 1.602887923497102116e-02
9.724769704823858774e-02 1.658655080714346516e-02
9.280987099356574621e-02 1.708862517564746844e-02
8.846260386650998953e-02 1.753527058711502884e-02
8.420706734208600885e-02 1.792667828368461544e-02
8.004443309530857864e-02 1.826303950749465568e-02
7.597587280119236230e-02 1.854454550068358396e-02
7.200255810410093049e-02 1.877138749233273063e-02
6.812561209807251050e-02 1.894373602949301835e-02
6.434601095017226935e-02 1.906169906956031376e-02
6.066470314037301220e-02 1.912537277546188380e-02
5.708263714864747485e-02 1.913485331012502663e-02
5.360076145496840000e-02 1.909023683647697103e-02
5.022002453930851651e-02 1.899161951744502558e-02
4.694136692873782796e-02 1.883913039037024909e-02
4.376568270815644340e-02 1.863309046766915833e-02
4.069384915239301209e-02 1.837389024849302166e-02
3.772674351308988316e-02 1.806192032783683621e-02
3.486524304188942658e-02 1.769757130069563034e-02
3.211022499043397760e-02 1.728123376206443240e-02
2.946254955199390999e-02 1.681327975254421139e-02
2.692287092816323876e-02 1.629385725555537734e-02
2.449170667857408432e-02 1.572296562903366737e-02
2.216957191121260787e-02 1.510060156425911855e-02
1.995698173406496717e-02 1.442676175251176793e-02
1.785445125511734427e-02 1.370144288507166123e-02
1.586242998288331374e-02 1.292467274798086291e-02
1.397930285938556866e-02 1.209745775106050962e-02
1.220102420362377711e-02 1.122195644212227623e-02
1.052340891181190348e-02 1.030039345667908661e-02
8.942271880163903466e-03 9.334993430243862869e-03
7.453428004893740584e-03 8.327980998329527138e-03
6.052724208470646773e-03 7.281567712254568767e-03
4.741417983084806644e-03 6.195754657404805438e-03
3.532222789842359711e-03 5.065862630338726497e-03
2.439311011827983034e-03 3.886616391060772162e-03
1.476855032126348681e-03 2.652740699575375713e-03
6.590272338221300243e-04 1.358960315886973249e-03
0.000000000000000000e+00 0.000000000000000000e+00
-1.329761505982680230e-04 -5.605035593726836541e-04
-1.071099370632946289e-04 -1.186085747184428395e-03
6.367687266408704797e-05 -1.870863943819005759e-03
3.654625106430437918e-04 -2.608955529660187279e-03
7.843252089327427392e-04 -3.394477885091744598e-03
1.306343199592349983e-03 -4.221548390497448060e-03
1.919064361764342280e-03 -5.084854469932282087e-03
2.621576760805132897e-03 -5.983559731012952701e-03
3.418418807001473349e-03 -6.918941849875572328e-03
4.314161172332888795e-03 -7.892291016254921951e-03
5.313374528778907861e-03 -8.904897419885782553e-03
6.420629548319051368e-03 -9.958051250502935117e-03
7.640353743101100520e-03 -1.105298566707705807e-02
8.974478852567994644e-03 -1.218993958443468847e-02
1.042281671165814008e-02 -1.336830740835086469e-02
1.198511179752899738e-02 -1.458745671119581443e-02
1.366110858733804098e-02 -1.584675506533977929e-02
1.545055155824275224e-02 -1.714557004315300434e-02
1.735318355073764765e-02 -1.848326990850515314e-02
1.936865618625902702e-02 -1.985926146583881849e-02
2.149648357089677109e-02 -2.127300962061555098e-02
2.373616842296059209e-02 -2.272398408969907024e-02
2.608721346076016412e-02 -2.421165458995306816e-02
2.854912140260518899e-02 -2.573549083824126782e-02
3.112139492925307047e-02 -2.729496249040038250e-02
3.380350949604433997e-02 -2.888949495769630935e-02
3.659486534106434069e-02 -3.051839141432546865e-02
3.949484982195987370e-02 -3.218093410222528511e-02
4.250285029637769496e-02 -3.387640526333316610e-02
4.561825412196460899e-02 -3.560408713958654325e-02
4.884044865636732319e-02 -3.736326197292279966e-02
5.216878405000039548e-02 -3.915324687233169565e-02
5.560241300582102753e-02 -4.097354397563755107e-02
5.914042298254919283e-02 -4.282371656131116200e-02
6.278190139771437639e-02 -4.470332794642313534e-02
6.652593566884601461e-02 -4.661194144804405026e-02
7.037161321347357168e-02 -4.854912038324449980e-02
7.431801814289364094e-02 -5.051441331688470010e-02
7.836419890033513580e-02 -5.250720966507278070e-02
8.250918216651269288e-02 -5.452680174090016041e-02
8.675199431163838071e-02 -5.657248047201404034e-02
9.109166170592415679e-02 -5.864353678606157999e-02
9.552721071958203414e-02 -6.073926161068997354e-02
1.000576630131926742e-01 -6.285895057928514440e-02
1.046819142064375069e-01 -6.500202526195575370e-02
1.093987231694437540e-01 -6.716804386533742344e-02
1.142068419165106763e-01 -6.935657144622701942e-02
1.191050224619376180e-01 -7.156717306142144908e-02
1.240920168200239787e-01 -7.379941376771766148e-02
1.291665767497701123e-01 -7.605285830973028405e-02
1.343274231190156320e-01 -7.832703365802903828e-02
1.395732168003697427e-01 -8.062139342036868384e-02
1.449026117733727970e-01 -8.293538277558493155e-02
1.503142620175652588e-01 -8.526844690251345060e-02
1.558068215124874534e-01 -8.762003097998996570e-02
1.613789442366832805e-01 -8.998958018763342226e-02
1.670292483687759177e-01 -9.237656785349199207e-02
1.727562216891176949e-01 -9.478056983395369284e-02
1.785583222973930184e-01 -9.720118532244641230e-02
1.844340082932860725e-01 -9.963801351239794102e-02
1.903817377764811247e-01 -1.020906535972360696e-01
1.963999688466626092e-01 -1.045587047703887273e-01
2.024871573399497082e-01 -1.070417466030978149e-01
2.086417430187815780e-01 -1.095392193285439353e-01
2.148621586900546498e-01 -1.120505028843333667e-01
2.211468371328472737e-01 -1.145749769669257706e-01
2.274942111262381050e-01 -1.171120212727809751e-01
2.339027134493055771e-01 -1.196610154983586832e-01
2.403707721077887050e-01 -1.222213425947330512e-01
2.468967418858304119e-01 -1.247924354377849682e-01
2.534789202673174979e-01 -1.273737659725285021e-01
2.601156032071921254e-01 -1.299648071864601129e-01
2.668050866603966509e-01 -1.325650320670762883e-01
2.735456665818736255e-01 -1.351739136018735854e-01
2.803356371236666589e-01 -1.377909274474256873e-01
2.871732107731911343e-01 -1.404156701596175338e-01
2.940564867023471307e-01 -1.430479060507783839e-01
3.009835557362824376e-01 -1.456874117900762988e-01
3.079525087001443451e-01 -1.483339640466792009e-01
3.149614364190806981e-01 -1.509873394897552623e-01
3.220084296939157431e-01 -1.536473147541193018e-01
3.290915695664753948e-01 -1.563136526912873026e-01
3.362089124350362002e-01 -1.589860813470114764e-01
3.433585108678671727e-01 -1.616643233576630923e-01
3.505384174332372149e-01 -1.643481013596136409e-01
3.577466846994154515e-01 -1.670371379892344466e-01
3.649813652346708959e-01 -1.697311558828970002e-01
3.722405179627743532e-01 -1.724298487298545346e-01
3.795222324852690621e-01 -1.751327704926936568e-01
3.868246076478935036e-01 -1.778394330298815607e-01
3.941457422982692638e-01 -1.805493481913086340e-01
4.014837352840178730e-01 -1.832620278268651259e-01
4.088366854527610283e-01 -1.859769837864414521e-01
4.162026952087359288e-01 -1.886937162337961327e-01
4.235799013638893440e-01 -1.914116122777440310e-01
4.309664600245238786e-01 -1.941299956307717955e-01
4.383605275100414533e-01 -1.968481893051780285e-01
4.457602601398438225e-01 -1.995655163132613319e-01
4.531638142333325736e-01 -2.022812996673201968e-01
4.605693448570548076e-01 -2.049948654160149986e-01
4.679749782619054832e-01 -2.077056094443297807e-01
4.753788118831259180e-01 -2.104129974735717556e-01
4.827789419031036644e-01 -2.131164982614101866e-01
4.901734645042257754e-01 -2.158155805655142812e-01
4.975604758688793594e-01 -2.185097131435531637e-01
5.049380721195934063e-01 -2.211983650819988045e-01
5.123043439591707937e-01 -2.238810352377169355e-01
5.196573724253954474e-01 -2.265572755572444197e-01
5.269952375570090553e-01 -2.292266434748296555e-01
5.343160193927530832e-01 -2.318886964247209026e-01
5.416177979713688861e-01 -2.345429918411664205e-01
5.488986533322575134e-01 -2.371890871608294260e-01
5.561566687519690078e-01 -2.398265516752667026e-01
5.633899382498507302e-01 -2.424549940176664586e-01
5.705965580708313167e-01 -2.450740309716072096e-01
5.777746244598389591e-01 -2.476832793206673877e-01
5.849222336618026263e-01 -2.502823558484255084e-01
5.920374819216509543e-01 -2.528708773384601427e-01
5.991184794958773763e-01 -2.554484413081644090e-01
6.061634267960684941e-01 -2.580145213098561929e-01
6.131705599357890613e-01 -2.605685418049123458e-01
6.201381151175856532e-01 -2.631099271323567024e-01
6.270643285440059556e-01 -2.656381016312133192e-01
6.339474364175964327e-01 -2.681524896405059200e-01
6.407856748274689540e-01 -2.706525236461528872e-01
6.475772783227311535e-01 -2.731377467363088063e-01
6.543204803426376781e-01 -2.756077817083423254e-01
6.610135143019394421e-01 -2.780622531193508995e-01
6.676546136153884703e-01 -2.805007855264323724e-01
6.742420116977358990e-01 -2.829230034866840326e-01
6.807739439152329375e-01 -2.853285294906341418e-01
6.872487187705111911e-01 -2.877169085799600179e-01
6.936647382241155624e-01 -2.900875868276993619e-01
7.000204103291427504e-01 -2.924400038550921122e-01
7.063141431386896762e-01 -2.947735992833783736e-01
7.125443447058522617e-01 -2.970878127337980845e-01
7.187094231780277731e-01 -2.993820839076163920e-01
7.248078102809880630e-01 -3.016558725153180576e-01
7.308379922281743601e-01 -3.039086845070320675e-01
7.367984629062146462e-01 -3.061400323445528926e-01
7.426877162017377909e-01 -3.083494284896751703e-01
7.485042460013728860e-01 -3.105363854041937599e-01
7.542465461917482461e-01 -3.127004155499031324e-01
7.599131350648727912e-01 -3.148410208365097218e-01
7.655026381347139752e-01 -3.169576568144508721e-01
7.710137103522667346e-01 -3.190497663065551270e-01
7.764450066693467933e-01 -3.211167921352971466e-01
7.817951820377688765e-01 -3.231581771231513689e-01
7.870628914093479311e-01 -3.251733640925921764e-01
7.922467999827823570e-01 -3.271617961668591423e-01
7.973456621426072699e-01 -3.291229190869615628e-01
8.023582781945761688e-01 -3.310561799417817141e-01
8.072834488239565287e-01 -3.329610258313412396e-01
8.121199747160154914e-01 -3.348369038556619492e-01
8.168666565560209758e-01 -3.366832611147655419e-01
8.215222983926652178e-01 -3.384995463225429768e-01
8.260857713630941346e-01 -3.402852403838783624e-01
8.305560084393094344e-01 -3.420398538738199101e-01
8.349319449038268282e-01 -3.437628984760680018e-01
8.392125160391631367e-01 -3.454538858743232410e-01
8.433966571278345148e-01 -3.471123277522860096e-01
8.474833045778035201e-01 -3.487377352040402778e-01
8.514714736773156822e-01 -3.503295779986247416e-01
8.553603089968878637e-01 -3.518872581746451678e-01
8.591489670907899168e-01 -3.534101714924701709e-01
8.628366045132909168e-01 -3.548977137124682546e-01
8.664223778186610492e-01 -3.563492805950081999e-01
8.699054435740871671e-01 -3.577642679303783546e-01
8.732849788085190745e-01 -3.591421189010207682e-01
8.765602224739645898e-01 -3.604824201113943083e-01
8.797304251912863027e-01 -3.617847851925724001e-01
8.827948375813474691e-01 -3.630488277756288018e-01
8.857527102650106787e-01 -3.642741614916371051e-01
8.886032938631384104e-01 -3.654603999716707352e-01
8.913445861016868754e-01 -3.666066174937299693e-01
8.939672682386898828e-01 -3.677087387025633203e-01
8.964593732849288621e-01 -3.687615482109126153e-01
8.988089305984314770e-01 -3.697598290590624615e-01
9.010039695372247248e-01 -3.706983642872969664e-01
9.030325194593358251e-01 -3.715719369359005708e-01
9.048843427857877764e-01 -3.723760424925036672e-01
9.065701298756246862e-01 -3.731147797407174949e-01
9.081144533697409482e-01 -3.737979543512592318e-01
9.095421349865441263e-01 -3.744354743884771297e-01
9.108779964444417843e-01 -3.750372479167193296e-01
9.121468594618413750e-01 -3.756131830003343053e-01
9.133731349446584380e-01 -3.761730208356161564e-01
9.145683045835066860e-01 -3.767212508968687534e-01
9.157286284481308547e-01 -3.772561797834743103e-01
9.168494934820172748e-01 -3.777757594393881257e-01
9.179262866286530542e-01 -3.782779418085658873e-01
9.189543948315243016e-01 -3.787606788349628939e-01
9.199292050341182359e-01 -3.792219224625348883e-01
9.208461041799212987e-01 -3.796596246352371140e-01
9.217004792124201540e-01 -3.800717372970251473e-01
9.224877170751014654e-01 -3.804562123918545646e-01
9.232032047114518969e-01 -3.808110018636807759e-01
9.238423290649582231e-01 -3.811340576564592464e-01
9.244004770791071079e-01 -3.814233317141455526e-01
