9.641388428461610260e-01 -2.653983641910134250e-01
9.636531670072351341e-01 -2.648029226005479408e-01
9.630831513578719250e-01 -2.641832742993041050e-01
9.624337451267809262e-01 -2.635404507343339087e-01
9.617098975426721097e-01 -2.628754833526897317e-01
9.609165578342557801e-01 -2.621894036014235652e-01
9.600586752302413540e-01 -2.614832429275875669e-01
9.591411989593389142e-01 -2.607580327782339502e-01
9.581690782502586545e-01 -2.600148046004149283e-01
9.571472623317099915e-01 -2.592545898411823813e-01
9.560807004324032299e-01 -2.584784199475887445e-01
9.549743417810480084e-01 -2.576873263666859537e-01
9.538331356063545208e-01 -2.568823405455263331e-01
9.526611217645882812e-01 -2.560642466391789829e-01
9.514464865943264016e-01 -2.552295176452216707e-01
9.501639504869083819e-01 -2.543709646724037210e-01
9.487878059670776798e-01 -2.534812824767306849e-01
9.472923455595778641e-01 -2.525531658142082803e-01
9.456518617891526146e-01 -2.515793094408420583e-01
9.438409066211653764e-01 -2.505524803282778712e-01
9.418484918883714974e-01 -2.494694703714016859e-01
9.396854280883166766e-01 -2.483331391523154463e-01
9.373643308872763313e-01 -2.471468487242279299e-01
9.348978159515268782e-01 -2.459139611403480807e-01
9.322984989473430684e-01 -2.446378384538845652e-01
9.295789917041049621e-01 -2.433218416740342005e-01
9.267491243009456925e-01 -2.419685749011589448e-01
9.238110415125313502e-01 -2.405785510792129989e-01
9.207655720578945546e-01 -2.391519250559711041e-01
9.176135446560680364e-01 -2.376888516792078354e-01
9.143557880260838600e-01 -2.361894857966976013e-01
9.109931308869748667e-01 -2.346539822562150879e-01
9.075264150183033340e-01 -2.330825279445885301e-01
9.039565515078840097e-01 -2.314754797701525091e-01
9.002844743456468457e-01 -2.298332508228893845e-01
8.965111175359796736e-01 -2.281562542282505879e-01
8.926374150832706578e-01 -2.264449031116875510e-01
8.886643009919078517e-01 -2.246996105986515946e-01
8.845927173466248128e-01 -2.229207931776365781e-01
8.804236934039615381e-01 -2.211089036180706457e-01
8.761583116074634914e-01 -2.192644168258309212e-01
8.717976551595364443e-01 -2.173878080226324672e-01
8.673428072625857244e-01 -2.154795524301902077e-01
8.627948511190175473e-01 -2.135401252702192887e-01
8.581548718637574957e-01 -2.115700043849824408e-01
8.534240063505538210e-01 -2.095697377488147661e-01
8.486034475460995097e-01 -2.075399494266670086e-01
8.436943912302634629e-01 -2.054812672982309352e-01
8.386980331829154700e-01 -2.033943192431985625e-01
8.336155691839247650e-01 -2.012797331412617408e-01
8.284481952858852027e-01 -1.991381372192425059e-01
8.231971405410430931e-01 -1.969702017067058997e-01
8.178636980918787547e-01 -1.947766784087922587e-01
8.124491684444322681e-01 -1.925583285031549630e-01
8.069548521047432699e-01 -1.903159131674473370e-01
8.013820495788500642e-01 -1.880501935793224277e-01
7.957320613732572490e-01 -1.857619309170926991e-01
7.900062046655761394e-01 -1.834519100356789556e-01
7.842058573565615642e-01 -1.811210020301039225e-01
7.783324111684973845e-01 -1.787700976249746720e-01
7.723872578236663511e-01 -1.764000875448979988e-01
7.663717890443522140e-01 -1.740118625144808640e-01
7.602873965528387235e-01 -1.716063132583303952e-01
7.541354816355321233e-01 -1.691843318411430375e-01
7.479175134941240533e-01 -1.667468198436543314e-01
7.416349907191963631e-01 -1.642946829644624795e-01
7.352894120188703253e-01 -1.618288269186349271e-01
7.288822761012664353e-01 -1.593501574212390637e-01
7.224150816745054104e-01 -1.568595801873421958e-01
7.158893293485484310e-01 -1.543580059714302344e-01
7.093065489070154994e-01 -1.518464228311535991e-01
7.026682929636522967e-01 -1.493258793184906175e-01
6.959761147413813243e-01 -1.467974255995911081e-01
6.892315674631243061e-01 -1.442621118406047231e-01
6.824362043518041876e-01 -1.417209882076813920e-01
6.755915794317434164e-01 -1.391751043993331993e-01
6.686992830277812550e-01 -1.366254889318292698e-01
6.617609558343168219e-01 -1.340731409295602972e-01
6.547782422559417226e-01 -1.315190573519291473e-01
6.477527866972470072e-01 -1.289642351583383806e-01
6.406862335628239480e-01 -1.264096713081908352e-01
6.335802273213214653e-01 -1.238563626622702918e-01
6.264364381429172735e-01 -1.213052665131174046e-01
6.192566010996193304e-01 -1.187572402350365458e-01
6.120424613502331024e-01 -1.162131256734157958e-01
6.047957640535642776e-01 -1.136737646736432766e-01
5.975182543684189884e-01 -1.111399990811071659e-01
5.902116774536030341e-01 -1.086126707411955716e-01
5.828777825347118968e-01 -1.060926261908373275e-01
5.755183384675851554e-01 -1.035807346128533452e-01
5.681351200232834797e-01 -1.010778720139973719e-01
5.607299019740722423e-01 -9.858491440241316794e-02
5.533044590922172601e-01 -9.610273778624452146e-02
5.458605661499839057e-01 -9.363221817363519273e-02
5.383999988196241926e-01 -9.117423271031760423e-02
5.309245414801109231e-01 -8.872966954737880607e-02
5.234359833927690886e-01 -8.629942300723288107e-02
5.159361138728481011e-01 -8.388438748045413951e-02
5.084267222355975946e-01 -8.148545735761682229e-02
5.009095977962664259e-01 -7.910352702929514257e-02
4.933865304282599173e-01 -7.673948885839508571e-02
4.858593228425699406e-01 -7.439418857145403685e-02
4.783297905877748613e-01 -7.206842525864066984e-02
4.707997497706093992e-01 -6.976299598245550015e-02
4.632710164978079415e-01 -6.747869780539911266e-02
4.557454068761047083e-01 -6.521632778997187019e-02
4.482247372474281732e-01 -6.297668188020955071e-02
4.407108452485633543e-01 -6.076045475228356724e-02
4.332056064915069671e-01 -5.856816049094841492e-02
4.257109005136323621e-01 -5.640029451379538483e-02
4.182286068523134448e-01 -5.425735223841575416e-02
4.107606050449236768e-01 -5.213982908240084868e-02
4.033087746263683271e-01 -5.004822046654168466e-02
3.958749830140655401e-01 -4.798303751928082589e-02
3.884610574123589788e-01 -4.594484349644931825e-02
3.810688166946658018e-01 -4.393421245308854611e-02
3.737000797344030012e-01 -4.195171844423990076e-02
3.663566654049874582e-01 -3.999793552494478738e-02
3.590403925798363316e-01 -3.807343775024461113e-02
3.517530775508808660e-01 -3.617878743880843795e-02
3.444965199999084349e-01 -3.431447139356327836e-02
3.372725130309865982e-01 -3.248094651273253364e-02
3.300828497317884747e-01 -3.067866962000583703e-02
3.229293231899875716e-01 -2.890809753907287380e-02
3.158137264932571187e-01 -2.716968709362329801e-02
3.087378503864061652e-01 -2.546389230510979693e-02
3.017034538075186179e-01 -2.379112915181504431e-02
2.947122727720947188e-01 -2.215178619493476248e-02
2.877660427895757933e-01 -2.054625139038135720e-02
2.808664993694032774e-01 -1.897491269406732101e-02
2.740153780210187739e-01 -1.743815806190508397e-02
2.672144140691135594e-01 -1.593637229377806858e-02
2.604653359145078229e-01 -1.446982191102576427e-02
2.537698631102954794e-01 -1.303862229179545036e-02
2.471297146327849359e-01 -1.164287896116074361e-02
2.405466094582841274e-01 -1.028269744419518447e-02
2.340222665631012666e-01 -8.958183265972393186e-03
2.275584047714372948e-01 -7.669442060680094035e-03
2.211567048750060771e-01 -6.416606745086095298e-03
2.148187597756058831e-01 -5.199873283733623223e-03
2.085461499979981703e-01 -4.019446519825096466e-03
2.023404560669445906e-01 -2.875531296562947123e-03
1.962032585072067681e-01 -1.768332457149644375e-03
1.901361378435462435e-01 -6.980548447876038388e-04
1.841406608100305264e-01 3.351164389208294184e-04
1.782183335530519441e-01 1.331083024602669994e-03
1.723706455850864405e-01 2.289770354603717483e-03
1.665990864181468856e-01 3.211103871932466641e-03
1.609051455642460104e-01 4.095009019597465293e-03
1.552903125353966574e-01 4.941411240607213561e-03
1.497560681005344896e-01 5.750240338969835052e-03
1.443038169314397046e-01 6.521464075542313978e-03
1.389349245179535008e-01 7.255069754920736441e-03
1.336507560260991323e-01 7.951044843219793462e-03
1.284526766218999361e-01 8.609376806554040751e-03
1.233420514713793603e-01 9.230053111038137234e-03
1.183202411913600594e-01 9.813058730903155211e-03
1.133885156581783266e-01 1.035832893610329208e-02
1.085480611134369833e-01 1.086575318458422520e-02
1.038000606736519671e-01 1.133521922248476206e-02
9.914569745533922951e-02 1.176661479594373963e-02
9.458615457501470813e-02 1.215982765109999489e-02
9.012261453667579081e-02 1.251474638156053858e-02
8.575621691411838832e-02 1.283131897828367063e-02
8.148803091990530767e-02 1.310959078259488035e-02
7.731911924450166063e-02 1.334961615966101522e-02
7.325054457837255895e-02 1.355144947464897304e-02
6.928336961198311439e-02 1.371514509272560821e-02
6.541865701540161560e-02 1.384075739295504391e-02
6.165743715091036997e-02 1.392836276713526993e-02
5.800064260832215463e-02 1.397810422380326920e-02
5.444918755309009761e-02 1.399013732483308028e-02
5.100398615066726454e-02 1.396461763209876257e-02
4.766595256650673490e-02 1.390170070747435115e-02
4.443600096606156735e-02 1.380154211283389672e-02
4.131503189676629523e-02 1.366432288524573394e-02
3.830386638159125751e-02 1.349037282800030595e-02
3.540329665906521289e-02 1.328007559137309168e-02
3.261411492801421369e-02 1.303381489991125783e-02
2.993711338726436424e-02 1.275197447816197802e-02
2.737308423564171686e-02 1.243493805067242587e-02
2.492280391658126953e-02 1.208306485541784867e-02
2.258685861623983132e-02 1.169641843802944788e-02
2.036570831602552839e-02 1.127486620037800556e-02
1.825981073296620988e-02 1.081827202510018612e-02
1.626962358408970757e-02 1.032649979483264355e-02
1.439560458642388970e-02 9.799413392212045701e-03
1.263814275117763029e-02 9.236900281417097236e-03
1.099546475919346324e-02 8.639590092068225383e-03
9.463251570459213502e-03 8.008986208357264658e-03
8.037038120058870652e-03 7.346642133846790004e-03
6.712359343076418176e-03 6.654111372099368558e-03
5.484750174595844768e-03 5.932947426677570926e-03
4.349778873466747173e-03 5.184694505812100646e-03
3.308643471850123211e-03 4.409326448649713605e-03
2.374462097458014242e-03 3.603492102637575762e-03
1.561870906683684871e-03 2.763416876271111537e-03
8.855060559203974243e-04 1.885326178045745350e-03
3.600037015614148805e-04 9.654454164569002119e-04
0.000000000000000000e+00 0.000000000000000000e+00
-1.517579695134244620e-04 -8.936817370473130583e-04
-1.377746900671126228e-04 -1.832046825930595119e-03
2.732769010105624011e-05 -2.811269786336052616e-03
3.289270227532029847e-04 -3.827525137949891118e-03
7.524011596514485097e-04 -4.876987400458318578e-03
1.283127952557912982e-03 -5.955831093547539479e-03
1.908018054621764834e-03 -7.060600509588395995e-03
2.626018215029367071e-03 -8.190743526231480595e-03
3.441759742453496217e-03 -9.347079363063809376e-03
4.359907593622980304e-03 -1.053043535692236611e-02
5.385126725266644980e-03 -1.174163884464413804e-02
6.522082094113313723e-03 -1.298151716306611414e-02
7.775288409541079859e-03 -1.425086286895430737e-02
9.146641048169970242e-03 -1.554986218173302556e-02
1.063581053044542965e-02 -1.687818629906222972e-02
1.224239668430079746e-02 -1.823549005431604822e-02
1.396599933766943732e-02 -1.962142828086864410e-02
1.580621831848470771e-02 -2.103565581209415614e-02
1.776265263457292229e-02 -2.247782575384686676e-02
1.983485558527121884e-02 -2.394749492903143137e-02
2.202231156305830065e-02 -2.544407501124461984e-02
2.432449925416864736e-02 -2.696696565412720972e-02
2.674089734483669697e-02 -2.851556651131995079e-02
2.927098452129691525e-02 -3.008927723646362407e-02
3.191423941334731174e-02 -3.168749746971776665e-02
3.467009973435006276e-02 -3.330961707735022315e-02
3.753789015543152613e-02 -3.495499892272525139e-02
4.051691599001121941e-02 -3.662300124514526745e-02
4.360648255150866015e-02 -3.831298228391270128e-02
4.680589515334336592e-02 -4.002430027832997589e-02
5.011445910893478489e-02 -4.175631346769946572e-02
5.353145227455633620e-02 -4.350840035228160929e-02
5.705600679976368522e-02 -4.528004695107425842e-02
6.068720668700648690e-02 -4.707077481140323205e-02
6.442413590833778736e-02 -4.888010550302437224e-02
6.826587843581062576e-02 -5.070756059569351409e-02
7.221151824147802045e-02 -5.255266165916649274e-02
7.626013185676706885e-02 -5.441492457618602591e-02
8.041071554267033294e-02 -5.629380387726216906e-02
8.466221658397886374e-02 -5.818871665945483940e-02
8.901358156670219346e-02 -6.009907948573185721e-02
9.346375707684988210e-02 -6.202430891906101501e-02
9.801168970043142026e-02 -6.396382152241009145e-02
1.026563230806524368e-01 -6.591703490835645884e-02
1.073965221043091250e-01 -6.788339477951658985e-02
1.122310662105062279e-01 -6.986237731512497107e-02
1.171587305544976865e-01 -7.185346022233658758e-02
1.221782902915375946e-01 -7.385612120830642446e-02
1.272885205768800876e-01 -7.586983798018946679e-02
1.324881962629018695e-01 -7.789408800754961393e-02
1.377760555538390386e-01 -7.992832001143186649e-02
1.431507654777857963e-01 -8.197192687898065266e-02
1.486109848851521753e-01 -8.402429508238168365e-02
1.541553726263483470e-01 -8.608481109382069840e-02
1.597825875517842609e-01 -8.815286138548342199e-02
1.654912885111828047e-01 -9.022783242970701389e-02
1.712801096666469181e-01 -9.230911614459356984e-02
1.771475952576515578e-01 -9.439612428399565824e-02
1.830922690558875188e-01 -9.648827311669032347e-02
1.891126548330455404e-01 -9.858497891145452663e-02
1.952072763608162509e-01 -1.006856579370652288e-01
2.013746574108905563e-01 -1.027897264622995022e-01
2.076133111566658973e-01 -1.048966031727768672e-01
2.139216755125639691e-01 -1.070057239162298529e-01
2.202981558262893380e-01 -1.091165319669291645e-01
2.267411573152990079e-01 -1.112284706288472064e-01
2.332490851970503154e-01 -1.133409832059565497e-01
2.398203446890002088e-01 -1.154535130022296269e-01
2.464533368905017507e-01 -1.175655063334615918e-01
2.531463997304237989e-01 -1.196764557159022274e-01
2.598978217029727089e-01 -1.217858898204071255e-01
2.667058899832879248e-01 -1.238933382825460339e-01
2.735688917465092795e-01 -1.259983307378885753e-01
2.804851141677764947e-01 -1.281003968220044975e-01
2.874528440449087840e-01 -1.301990650975003438e-01
2.944703510845053662e-01 -1.322938155257244730e-01
3.015358812778748399e-01 -1.343840606303022822e-01
3.086476788694718643e-01 -1.364692079674371950e-01
3.158039881037508212e-01 -1.385486650933324404e-01
3.230030532251663700e-01 -1.406218395641913588e-01
3.302431184193922453e-01 -1.426881390156655161e-01
3.375224042878676722e-01 -1.447470029599476626e-01
3.448390718768189478e-01 -1.467979514042817568e-01
3.521912729766253913e-01 -1.488405168661496580e-01
3.595771593776665442e-01 -1.508742318630331425e-01
3.669948828703217814e-01 -1.528986289124141251e-01
3.744425952449705330e-01 -1.549132405317744654e-01
3.819184444363485365e-01 -1.569175937800038056e-01
3.894205597681425490e-01 -1.589111893675697051e-01
3.969470649559342923e-01 -1.608935200653163755e-01
4.044960837141630683e-01 -1.628640786424706555e-01
4.120657397572680125e-01 -1.648223578682593282e-01
4.196541567996886490e-01 -1.667678505119092602e-01
4.272594534408398204e-01 -1.687000635174426832e-01
4.348796987959480109e-01 -1.706186409598634823e-01
4.425129342316432846e-01 -1.725233038113048178e-01
4.501572008080838017e-01 -1.744137738931996195e-01
4.578105395854275561e-01 -1.762897730269805674e-01
4.654709916238323197e-01 -1.781510230340803969e-01
4.731365976919165162e-01 -1.799972467950361754e-01
4.808053918528906179e-01 -1.818281915497831913e-01
4.884754014645564801e-01 -1.836436288976552034e-01
4.961446535931770541e-01 -1.854433314970901636e-01
5.038111753050146246e-01 -1.872270720065259686e-01
5.114729936663318099e-01 -1.889946230844005703e-01
5.191281357780936911e-01 -1.907457575271403194e-01
5.267746318832547958e-01 -1.924802606248867121e-01
5.344105178278940604e-01 -1.941979399478775403e-01
5.420338300372679052e-01 -1.958986053693735074e-01
5.496426049366325284e-01 -1.975820667626353999e-01
5.572348789512442391e-01 -1.992481340009239765e-01
5.648086885072993724e-01 -2.008966169598525309e-01
5.723620746454884944e-01 -2.025273370642458881e-01
5.798930937201562941e-01 -2.041401540661232639e-01
5.873998052581709262e-01 -2.057349356577338750e-01
5.948802687864003236e-01 -2.073115495313267442e-01
6.023325438317128633e-01 -2.088698633791510051e-01
6.097546899209769222e-01 -2.104097448934558745e-01
6.171447718607711019e-01 -2.119310637007553177e-01
6.245008884290976781e-01 -2.134337018732700708e-01
6.318211518568537244e-01 -2.149175464117984713e-01
6.391036744084658272e-01 -2.163824843294223088e-01
6.463465683483611279e-01 -2.178284026392238726e-01
6.535479459409658798e-01 -2.192551883542849245e-01
6.607059210624008916e-01 -2.206627339461200710e-01
6.678186294691400571e-01 -2.220510059899217237e-01
6.748842226864699700e-01 -2.234200244661853352e-01
6.819008525878019755e-01 -2.247698105344273778e-01
6.888666710465480847e-01 -2.261003853541645736e-01
6.957798299361197536e-01 -2.274117700849134227e-01
7.026384824041125299e-01 -2.287039850845238032e-01
7.094408293507417085e-01 -2.299770206667691719e-01
7.161851326972913379e-01 -2.312308287533570705e-01
7.228696583430286315e-01 -2.324653587632040941e-01
7.294926721872212472e-01 -2.336805601152266709e-01
7.360524401291358432e-01 -2.348763822283412017e-01
7.425472281890271864e-01 -2.360527745254061283e-01
7.489753326382536658e-01 -2.372096874148930945e-01
7.553351196559643377e-01 -2.383470735829442411e-01
7.616249652660234126e-01 -2.394648860364529674e-01
7.678432454922953232e-01 -2.405630777823127286e-01
7.739883363586451681e-01 -2.416416018274171185e-01
7.800586138889374910e-01 -2.427004111786595919e-01
7.860524769064139994e-01 -2.437394458578001077e-01
7.919684244005061879e-01 -2.447585888380532926e-01
7.978049828605611182e-01 -2.457577074303595455e-01
8.035606787766930159e-01 -2.467366689452238082e-01
8.092340386390151075e-01 -2.476953406931508561e-01
8.148235889376400642e-01 -2.486335899846453257e-01
8.203278661176253150e-01 -2.495512840887456341e-01
8.257454932689071159e-01 -2.504482899135785923e-01
8.310751380943173228e-01 -2.513244741814399941e-01
8.363154686653897496e-01 -2.521797036130899450e-01
8.414651530536573221e-01 -2.530138449292883007e-01
8.465228593306541871e-01 -2.538267648507952501e-01
8.514872600433799343e-01 -2.546183278743480161e-01
8.563571170085881867e-01 -2.553883541352843234e-01
8.611312743222040433e-01 -2.561366228814179746e-01
8.658085791545867549e-01 -2.568629118327635519e-01
8.703878786760965713e-01 -2.575669987093358038e-01
8.748680200570931875e-01 -2.582486612311494234e-01
8.792478513618157132e-01 -2.589076769435594283e-01
8.835262833047337061e-01 -2.595438111503791112e-01
8.877023292820467315e-01 -2.601568090919240683e-01
8.917750122079844965e-01 -2.607464141487347842e-01
8.957433549967762643e-01 -2.613123697013515767e-01
8.996063805626517418e-01 -2.618544191303149304e-01
9.033631118394954695e-01 -2.623723058327553925e-01
9.070126028947229635e-01 -2.628657994843730528e-01
9.105540020145892477e-01 -2.633347492872268325e-01
9.139864752400588266e-01 -2.637790194294168944e-01
9.173091886120970928e-01 -2.641984740990436231e-01
9.205213081716685508e-01 -2.645929774842071258e-01
9.236219999597381491e-01 -2.649623937730075096e-01
9.266091221181557147e-01 -2.653061994263754553e-01
9.294728951155180052e-01 -2.656216067142190829e-01
9.322007749106294705e-01 -2.659050083665104869e-01
9.347802136491797365e-01 -2.661527959828222656e-01
9.371986634768569857e-01 -2.663613611627266287e-01
9.394435765393498450e-01 -2.665270955057960078e-01
9.415042125444500476e-01 -2.666468843880683282e-01
9.433916587663746522e-01 -2.667235758789723854e-01
9.451314815182658702e-01 -2.667639733248564071e-01
9.467495068978635242e-01 -2.667749510381067779e-01
9.482715610029072151e-01 -2.667633833311096048e-01
9.497234699311370987e-01 -2.667361445162511613e-01
9.511306320593110319e-01 -2.666999920241872046e-01
9.525049843997620558e-01 -2.666580047483096405e-01
9.538426158424994084e-01 -2.666089308242447498e-01
9.551387062145705320e-01 -2.665512699713457057e-01
9.563884353430239793e-01 -2.664835219089659035e-01
9.575869830549069706e-01 -2.664041863564584611e-01
9.587295291772685024e-01 -2.663117630331768848e-01
9.598112535371557952e-01 -2.662047516584744589e-01
9.608273359616169573e-01 -2.660816519517043011e-01
9.617729562777002084e-01 -2.659409636322198067e-01
9.626432943124532127e-01 -2.657811864193743712e-01
9.634335298929241898e-01 -2.656008200325211122e-01
9.641388428461610260e-01 -2.653983641910134250e-01
