9.977688159548808722e-01 6.676368704614057958e-02
9.971309719910474989e-01 6.691545594305357836e-02
9.964055184847312452e-01 6.706234734998769986e-02
9.955974664385481843e-01 6.720504525934327400e-02
9.947118268551146114e-01 6.734423366352060292e-02
9.937536107370469329e-01 6.748059655492001652e-02
9.927278290869612221e-01 6.761481792594183082e-02
9.916394929074738851e-01 6.774758176898638962e-02
9.904936132012015504e-01 6.787957207645400892e-02
9.892952009707597361e-01 6.801147284074499089e-02
9.880492672187654035e-01 6.814396805425969317e-02
9.867608229478342929e-01 6.827774170939840404e-02
9.854348791605830327e-01 6.841347779856148115e-02
9.840755067947912771e-01 6.855179403852633413e-02
9.826703881956335707e-01 6.869215273195333760e-02
9.811932852694483786e-01 6.883303477498824152e-02
9.796175176149761743e-01 6.897288988059624426e-02
9.779164048309574309e-01 6.911016776174250253e-02
9.760632665161325106e-01 6.924331813139224245e-02
9.740316909751555174e-01 6.937080862109294699e-02
9.718102427792300047e-01 6.949210555073920270e-02
9.694100636508901081e-01 6.960818079155046967e-02
9.668441649486307909e-01 6.972013089092236882e-02
9.641255580309473494e-01 6.982905239625061822e-02
9.612672542563341915e-01 6.993604185493089431e-02
9.582822610154330123e-01 7.004219555405281905e-02
9.551807090043890058e-01 7.014842105882182488e-02
9.519647813068349285e-01 7.025510454143095440e-02
9.486353000323186624e-01 7.036254288909908616e-02
9.451930872903878678e-01 7.047103298904509872e-02
9.416389651905893166e-01 7.058087172848784285e-02
9.379737558424708910e-01 7.069235599464615549e-02
9.341983044346104936e-01 7.080575373295287800e-02
9.303135786289722375e-01 7.092117930359059796e-02
9.263205865574412057e-01 7.103869631626572034e-02
9.222203363774513774e-01 7.115836834864440463e-02
9.180138362464375090e-01 7.128025897839285197e-02
9.137020943218334690e-01 7.140443178317723572e-02
9.092861275052640524e-01 7.153094971817830494e-02
9.047670470318025515e-01 7.165986902312353191e-02
9.001460216931324032e-01 7.179124184037383172e-02
8.954242211021420372e-01 7.192512025382986895e-02
8.906028148717192172e-01 7.206155634739221105e-02
8.856829726147522619e-01 7.220060220496150871e-02
8.806658666308403438e-01 7.234230808295344373e-02
8.755527411223408274e-01 7.248667532995460572e-02
8.703449183033538095e-01 7.263365223142793925e-02
8.650437242990339781e-01 7.278318441255972326e-02
8.596504852345364656e-01 7.293521749853627834e-02
8.541665272350164040e-01 7.308969711454392504e-02
8.485931767975373186e-01 7.324656864601836181e-02
8.429318054200765076e-01 7.340574846857234048e-02
8.371838719990815081e-01 7.356709661642690801e-02
8.313508454725259122e-01 7.373046665053684112e-02
8.254341947783836453e-01 7.389571213185694432e-02
8.194353888546274112e-01 7.406268662134193881e-02
8.133558966398357626e-01 7.423124368024043573e-02
8.071972087732629531e-01 7.440124742550133230e-02
8.009608949370971009e-01 7.457260042234496733e-02
7.946485428049242516e-01 7.474521398741430789e-02
7.882617400503291183e-01 7.491899943735236267e-02
7.818020743468974132e-01 7.509386808880211261e-02
7.752711333682149597e-01 7.526973125840655254e-02
7.686705153020124692e-01 7.544648657442883100e-02
7.620018929974625710e-01 7.562393446330503699e-02
7.552669716118838306e-01 7.580183328945383492e-02
7.484674564318084533e-01 7.597994124907074542e-02
7.416050527437685336e-01 7.615801653835124752e-02
7.346814658342964988e-01 7.633581735349088959e-02
7.276984042333679570e-01 7.651310091537610880e-02
7.206576262244070996e-01 7.668960948394566712e-02
7.135609290258739801e-01 7.686507361130624771e-02
7.064101108951327257e-01 7.703922353716421978e-02
6.992069700895473527e-01 7.721178950122589701e-02
6.919533048664823216e-01 7.738250174319763475e-02
6.846509141724170799e-01 7.755108991823929376e-02
6.773016281682356921e-01 7.771725720372185675e-02
6.699073203270395904e-01 7.788067003718966708e-02
6.624698673122824122e-01 7.804099214995363631e-02
6.549911457874174614e-01 7.819788727332452338e-02
6.474730324158984862e-01 7.835101913861326761e-02
6.399174039011115145e-01 7.850005141337566827e-02
6.323261529685036963e-01 7.864462218513537661e-02
6.247012128026347977e-01 7.878430494639002135e-02
6.170445228760670364e-01 7.891866315052135927e-02
6.093580226613629636e-01 7.904726025091121655e-02
6.016436516310854632e-01 7.916965970094141936e-02
5.939033492577968643e-01 7.928542495399373835e-02
5.861390596023714483e-01 7.939412827067880707e-02
5.783527488732927990e-01 7.949538442377428182e-02
5.705463899528291360e-01 7.958882099633529661e-02
5.627219557246077031e-01 7.967406557402642586e-02
5.548814190722561879e-01 7.975074574251232729e-02
5.470267528794016121e-01 7.981848908745760307e-02
5.391599315223151168e-01 7.987691840618880990e-02
5.312829438175208363e-01 7.992561017229520004e-02
5.233977866790121558e-01 7.996411488301564952e-02
5.155064571102169202e-01 7.999198274869015468e-02
5.076109521145628634e-01 8.000876397965872577e-02
4.997132686954772196e-01 8.001400878626135915e-02
4.918154036659715400e-01 8.000727022456687043e-02
4.839193494594843381e-01 7.998816680240712629e-02
4.760270941298815339e-01 7.995638247937708609e-02
4.681406255406131978e-01 7.991160406080050072e-02
4.602619315551291224e-01 7.985351835200113491e-02
4.523930000368787674e-01 7.978181215830271178e-02
4.445358188065572369e-01 7.969617187433071515e-02
4.366923718137283861e-01 7.959624670932965995e-02
4.288646361045536093e-01 7.948161955969472448e-02
4.210545880116108863e-01 7.935186646727164506e-02
4.132642038674783636e-01 7.920656347390626906e-02
4.054954600047340207e-01 7.904528662144436058e-02
3.977503327538551292e-01 7.886761196020054820e-02
3.900307881325498216e-01 7.867315711405457879e-02
3.823387579345861598e-01 7.846167767285654182e-02
3.746761668635719689e-01 7.823295780881188433e-02
3.670449396231150185e-01 7.798678169412597005e-02
3.594470009168231339e-01 7.772293350100425990e-02
3.518842754483042512e-01 7.744119740165217314e-02
3.443586825321454103e-01 7.714135417229836533e-02
3.368721068081719783e-01 7.682316273832225095e-02
3.294264191847884327e-01 7.648637337203104125e-02
3.220234905361749056e-01 7.613073632416515746e-02
3.146651917365120843e-01 7.575600184546511795e-02
3.073533936599803229e-01 7.536192018667141335e-02
3.000899635926642106e-01 7.494825024895603038e-02
2.928767201086573402e-01 7.451486837174980948e-02
2.857154466761227529e-01 7.406173553030585832e-02
2.786079259881943382e-01 7.358881456837054746e-02
2.715559407380063739e-01 7.309606832969020584e-02
2.645612736186930825e-01 7.258345965801120403e-02
2.576257062870436765e-01 7.205095167122561872e-02
2.507509815607434911e-01 7.149851776139048987e-02
2.439387926266151363e-01 7.092614444948740215e-02
2.371908294360288993e-01 7.033381911237682194e-02
2.305087819403550675e-01 6.972152912691914617e-02
2.238943400909642056e-01 6.908926186997481345e-02
2.173491937121289352e-01 6.843700485501101605e-02
2.108750008489411742e-01 6.776477975223078876e-02
2.044733461074484393e-01 6.707268716521565255e-02
1.981458037516952153e-01 6.636083881328527778e-02
1.918939480457262925e-01 6.562934641575940420e-02
1.857193532535864056e-01 6.487832169195772991e-02
1.796235936393202060e-01 6.410787636119998079e-02
1.736082247637556752e-01 6.331812402937342377e-02
1.676747200174970864e-01 6.250918659076167005e-02
1.618245302318967183e-01 6.168118821516895001e-02
1.560591062376787963e-01 6.083425307246272812e-02
1.503798988655675184e-01 5.996850533251053827e-02
1.447883589462871101e-01 5.908406916517984497e-02
1.392859268821739493e-01 5.818108099516839521e-02
1.338739523099649609e-01 5.725978390958516573e-02
1.285537381317697070e-01 5.632047591533390768e-02
1.233265868634608742e-01 5.536345547320091487e-02
1.181938010209113155e-01 5.438902104397250886e-02
1.131566831199939116e-01 5.339747108843505286e-02
1.082165317581092467e-01 5.238910683849443833e-02
1.033745673729761227e-01 5.136428480010651887e-02
9.863193836320026386e-02 5.032341242484798111e-02
9.398979043558135238e-02 4.926689906792443285e-02
8.944926929691908446e-02 4.819515408454144723e-02
8.501152065401304525e-02 4.710858682990461815e-02
8.067768938046908367e-02 4.600760689685240434e-02
7.644886195300064358e-02 4.489264053343718780e-02
7.232602913767428865e-02 4.376414128507643414e-02
6.831017282870824325e-02 4.262256522750263593e-02
6.440227492032074563e-02 4.146836843644828574e-02
6.060331730672998546e-02 4.030200698764586226e-02
5.691428185773386716e-02 3.912393697198851550e-02
5.333611176223414935e-02 3.793463849427605034e-02
4.986963314983504370e-02 3.673466433216040355e-02
4.651565009134838585e-02 3.552458095785176323e-02
4.327496665758597677e-02 3.430495484356025498e-02
4.014838691935963128e-02 3.307635246149603914e-02
3.713671494748112256e-02 3.183934028386924825e-02
3.424073470129061769e-02 3.059448741701224078e-02
3.146111269616980177e-02 2.934237834960937846e-02
2.879847293782988524e-02 2.808360313809602979e-02
2.625343937334808156e-02 2.681875184658720490e-02
2.382663594980161115e-02 2.554841453919792435e-02
2.151868661426766666e-02 2.427318128004320869e-02
1.933020597511726085e-02 2.299365151231017035e-02
1.726169586936488268e-02 2.171053793798852910e-02
1.531358332857820498e-02 2.042462838785602877e-02
1.348629404215687805e-02 1.913671204065985412e-02
1.178025369950053136e-02 1.784757807514718991e-02
1.019588799000882909e-02 1.655801567006522090e-02
8.733550442338427686e-03 1.526880650438967521e-02
7.391323520363317530e-03 1.398049622201502987e-02
6.164615953606094288e-03 1.269335258171788022e-02
5.048683103712884625e-03 1.140762740252730841e-02
4.038780332329810867e-03 1.012357250347241562e-02
3.130163001103000546e-03 8.841439703582289200e-03
2.318120974316750446e-03 7.561483368873121204e-03
1.603773050291062074e-03 6.284388157667975157e-03
1.000579812143126109e-03 5.011749799682884386e-03
5.235735739564975058e-04 3.745280049920695319e-03
1.877866498147305694e-04 2.486690663384255248e-03
8.251353801379972115e-06 1.237693395076407566e-03
0.000000000000000000e+00 0.000000000000000000e+00
1.566951821548169359e-04 -9.807674090678768046e-04
4.845455463692296613e-04 -1.948306652366538954e-03
9.684716174885026497e-04 -2.903624672923437941e-03
1.593393920357900157e-03 -3.847728413766025261e-03
2.344232979822686441e-03 -4.781624817921751973e-03
3.205909320728125757e-03 -5.706320828418068487e-03
4.164912054258874952e-03 -6.622660367227887687e-03
5.220047383678901379e-03 -7.530207257620456784e-03
6.375938784099133110e-03 -8.427920741677986591e-03
7.637244164237820890e-03 -9.314756482844502652e-03
9.008621432813217200e-03 -1.018967014456402184e-02
1.049472849854357105e-02 -1.105161739028056797e-02
1.210006958388284634e-02 -1.189956506494880065e-02
1.382646962632895840e-02 -1.273267494605919738e-02
1.567347778392431598e-02 -1.355027438642087724e-02
1.764057090416444942e-02 -1.435169599982805480e-02
1.972722583454492029e-02 -1.513627240007494983e-02
2.193291942256127974e-02 -1.590333620095578035e-02
2.425712745136329382e-02 -1.665222282028867504e-02
2.669926638301792568e-02 -1.738242395756372724e-02
2.925866325135841398e-02 -1.809366691137353003e-02
3.193463768457861784e-02 -1.878569849050256216e-02
3.472650931087237908e-02 -1.945826550373529543e-02
3.763359775843354293e-02 -2.011111475985620858e-02
4.065522259098303115e-02 -2.074399297270889189e-02
4.379065662936223319e-02 -2.135657802399468924e-02
4.703904355511914770e-02 -2.194835762882058755e-02
5.039950493558432998e-02 -2.251878693756971875e-02
5.387116233808831450e-02 -2.306732110062523211e-02
5.745313732996164269e-02 -2.359341526837025957e-02
6.114455147853482125e-02 -2.409652459118793652e-02
6.494450913051223739e-02 -2.457616283024793846e-02
6.885202324797644324e-02 -2.503215477632539723e-02
7.286607659601460063e-02 -2.546442799634482390e-02
7.698565192064975304e-02 -2.587291012211620847e-02
8.120973196790484683e-02 -2.625752878544952013e-02
8.553729948380288384e-02 -2.661821161815473846e-02
8.996732778167214339e-02 -2.695487533999981963e-02
9.449868841371110439e-02 -2.726731895023323110e-02
9.913019084358434818e-02 -2.755526962210785163e-02
1.038606436490911444e-01 -2.781845350407919845e-02
1.086888554080306657e-01 -2.805659674460279918e-02
1.136136346982021400e-01 -2.826942549213417102e-02
1.186337879602809564e-01 -2.845667228110570351e-02
1.237480644404409247e-01 -2.861824054982728405e-02
1.289551513310098763e-01 -2.875421916077859283e-02
1.342537327132962421e-01 -2.886470627252943344e-02
1.396424926686085366e-01 -2.894980004364963375e-02
1.451201152782554127e-01 -2.900959863270900774e-02
1.506852842589130881e-01 -2.904420006726811040e-02
1.563366392067649380e-01 -2.905368652276694649e-02
1.620727340294332575e-01 -2.903810938746927833e-02
1.678921127894716647e-01 -2.899751651238880595e-02
1.737933195494338889e-01 -2.893195574853923632e-02
1.797748983718735760e-01 -2.884147494693427988e-02
1.858353933187440743e-01 -2.872612195893819650e-02
1.919733268878811849e-01 -2.858595723246477524e-02
1.981871430315929605e-01 -2.842108709732438232e-02
2.044752678240077115e-01 -2.823162832675838244e-02
2.108361273392536928e-01 -2.801769769400817497e-02
2.172681476514591037e-01 -2.777941197231513851e-02
2.237697548347523657e-01 -2.751688793492064120e-02
2.303393660686664512e-01 -2.723025287051847668e-02
2.369753353717982125e-01 -2.691970873852285798e-02
2.436759894311959773e-01 -2.658548981050969096e-02
2.504396548245980125e-01 -2.622783048728433153e-02
2.572646581297428625e-01 -2.584696516965218765e-02
2.641493259243690717e-01 -2.544312825841862913e-02
2.710919817931756182e-01 -2.501655692131561984e-02
2.780909034085369824e-01 -2.456753076989811116e-02
2.851443325137012486e-01 -2.409636263053881178e-02
2.922505098932185463e-01 -2.360336621588215653e-02
2.994076763316390055e-01 -2.308885523857256983e-02
3.066140726135129779e-01 -2.255314341125447611e-02
3.138679388753857769e-01 -2.199654447642401811e-02
3.211674859015851147e-01 -2.141937352874865447e-02
3.285108837481363064e-01 -2.082194753913037960e-02
3.358962994710426586e-01 -2.020458361667347089e-02
3.433219001263070891e-01 -1.956759887048221611e-02
3.507858527699330708e-01 -1.891131040966089263e-02
3.582863244251870416e-01 -1.823603538710754160e-02
3.658214689806467135e-01 -1.754210852682566366e-02
3.733894071570040274e-01 -1.682990892360005514e-02
3.809882545201228043e-01 -1.609982256815533155e-02
3.886161266358671984e-01 -1.535223545121606331e-02
3.962711390701012526e-01 -1.458753356350687633e-02
4.039514073886890655e-01 -1.380610289575234448e-02
4.116550424071366288e-01 -1.300833582415772578e-02
4.193801320111483211e-01 -1.219465554740672454e-02
4.271247571769450357e-01 -1.136549455198289718e-02
4.348869988793401808e-01 -1.052128532626180578e-02
4.426649380931471089e-01 -9.662460358618972511e-03
4.504566557931791726e-01 -8.789452137429945577e-03
4.582602320023340670e-01 -7.902696443793238990e-03
4.660737375344115585e-01 -7.002660913540500152e-03
4.738952380391459052e-01 -6.089831045261527576e-03
4.817227991092369876e-01 -5.164692534833390490e-03
4.895544863373845201e-01 -4.227731078133208434e-03
4.973883653162877727e-01 -3.279432371038088368e-03
5.052225018526652622e-01 -2.320285307891690497e-03
5.130549666756714089e-01 -1.350852347768112744e-03
5.208838354368953150e-01 -3.717695144720822159e-04
5.287071840019457181e-01 6.163239697252216728e-04
5.365230882364311338e-01 1.612788882552571154e-03
5.443296240059594115e-01 2.616986001738724581e-03
5.521248672385664635e-01 3.628276221726328427e-03
5.599068995145002336e-01 4.646031004440055213e-03
5.676738124936250296e-01 5.669640656840893404e-03
5.754236988777037265e-01 6.698497433841552398e-03
5.831546513684986444e-01 7.731993590354757639e-03
5.908647626677725473e-01 8.769521381293197276e-03
5.985521254789322176e-01 9.810473059922265177e-03
6.062148405774596682e-01 1.085423279263269744e-02
6.138510355268117502e-01 1.190015790872523890e-02
6.214588434401001615e-01 1.294760017767139330e-02
6.290363974304358230e-01 1.399591136894262969e-02
6.365818306109303215e-01 1.504444325201047435e-02
6.440932760946952440e-01 1.609254759634642581e-02
6.515688712454591469e-01 1.713959658059229299e-02
6.590067807768431596e-01 1.818509370281241183e-02
6.664051802331969476e-01 1.922859446437950870e-02
6.737622451858634731e-01 2.026965449627799246e-02
6.810761512061864753e-01 2.130782942949227543e-02
6.883450738655089163e-01 2.234267489500672832e-02
6.955671921369385169e-01 2.337374065806620618e-02
7.027407311759287234e-01 2.440049685063536145e-02
7.098639494207925615e-01 2.542235621428316425e-02
7.169351060446230717e-01 2.643873022357877065e-02
7.239524602205136272e-01 2.744903035309134015e-02
7.309142711215574906e-01 2.845266807739004616e-02
7.378187988325977109e-01 2.944905645893742402e-02
7.446643376081489851e-01 3.043766806969940703e-02
7.514492253667152122e-01 3.141805152634095932e-02
7.581718028732696846e-01 3.238976040290568459e-02
7.648304108927862499e-01 3.335234827343717262e-02
7.714233901902382007e-01 3.430536871197902016e-02
7.779490816437125700e-01 3.524837536496863016e-02
7.844058544137468836e-01 3.618093997996658234e-02
7.907921430192734746e-01 3.710267613472508635e-02
7.971063911832746429e-01 3.801320329770401657e-02
8.033470426287329103e-01 3.891214093736326818e-02
8.095125410786313536e-01 3.979910852216277106e-02
8.156013302559523837e-01 4.067372552056242735e-02
8.216118710240652989e-01 4.153563287060994813e-02
8.275426995504668870e-01 4.238456583427857582e-02
8.333923726768669438e-01 4.322028556950665429e-02
8.391594472455522480e-01 4.404255323495337437e-02
8.448424800988086902e-01 4.485112998927777428e-02
8.504400280789221611e-01 4.564577699113895465e-02
8.559506575478205148e-01 4.642625672537659121e-02
8.613730177235759955e-01 4.719234321951320393e-02
8.667058004863600340e-01 4.794381644432504919e-02
8.719476980689233603e-01 4.868045641970618342e-02
8.770974027040165932e-01 4.940204316555062841e-02
8.821536066243907959e-01 5.010835670175247530e-02
8.871150055330800921e-01 5.079918097516962494e-02
8.919803643530180848e-01 5.147437826172178432e-02
8.967485118065297023e-01 5.213388303255753892e-02
9.014182789998613776e-01 5.277763245646502344e-02
9.059884970392597658e-01 5.340556370223235177e-02
9.104579970309713000e-01 5.401761393864766558e-02
9.148256108202701409e-01 5.461372150415796933e-02
9.190902220494102659e-01 5.519390671626331346e-02
9.232507992542448028e-01 5.575832425352083427e-02
9.273063188397951961e-01 5.630714124901566725e-02
9.312557572110824466e-01 5.684052483583292709e-02
9.350980907731282210e-01 5.735864214705774233e-02
9.388322959550071678e-01 5.786166030609030814e-02
9.424573872863311053e-01 5.834973109577714506e-02
9.459724945996761392e-01 5.882295987412391319e-02
9.493767694554450243e-01 5.928144325078445187e-02
9.526693634140417366e-01 5.972527783541259350e-02
9.558494280358693640e-01 6.015456023766216354e-02
9.589161148813306612e-01 6.056938706718699439e-02
9.618672145471053314e-01 6.096976549381624005e-02
9.646925700778679058e-01 6.135518039009420221e-02
9.673791478456976733e-01 6.172492757937311086e-02
9.699139102548514080e-01 6.207830262424773871e-02
9.722838197095849955e-01 6.241460108731279599e-02
9.744758386141546547e-01 6.273311853116306236e-02
9.764787986227826400e-01 6.303328096317808993e-02
9.783041038798667710e-01 6.331608960201304259e-02
9.799781317044361506e-01 6.358359056271364884e-02
9.815275280659582213e-01 6.383784870797798439e-02
9.829789389339004257e-01 6.408092890050420820e-02
9.843590102777300954e-01 6.431489600299039600e-02
9.856939457201545629e-01 6.454178428021950520e-02
9.869960272125314349e-01 6.476266501011052057e-02
9.882611466625695895e-01 6.497747574199937148e-02
9.894842558299077329e-01 6.518608899350136765e-02
9.906603064741850151e-01 6.538837728223184653e-02
9.917842503550400313e-01 6.558421312580613172e-02
9.928510392321122646e-01 6.577346904183956067e-02
9.938556248650403102e-01 6.595601754794747085e-02
9.947929590134629851e-01 6.613173116174517197e-02
9.956579934370195506e-01 6.630048240084801536e-02
9.964456798953487127e-01 6.646214378287129687e-02
9.971509701480895105e-01 6.661658782543038171e-02
9.977688159548808722e-01 6.676368704614057958e-02
