9.324821646255629926e-01 -3.612160193779124784e-01
9.320054041736649530e-01 -3.607129477047887889e-01
9.314579921596938261e-01 -3.601493626934543779e-01
9.308437417046626638e-01 -3.595293888029176821e-01
9.301664659295847404e-01 -3.588571504921875266e-01
9.294299779554737739e-01 -3.581367722202725701e-01
9.286380909033430386e-01 -3.573723784461814712e-01
9.277946178942055866e-01 -3.565680936289228886e-01
9.269033720490754691e-01 -3.557280422275055920e-01
9.259681664889655162e-01 -3.548563487009381290e-01
9.249928143348893350e-01 -3.539571375082293248e-01
9.239811287078601998e-01 -3.530345331083876714e-01
9.229369227288916067e-01 -3.520926599604221052e-01
9.218631522203876161e-01 -3.511352467033517222e-01
9.207478273147300385e-01 -3.501591214600845992e-01
9.195662633041253864e-01 -3.491552510685007604e-01
9.182933721153161422e-01 -3.481144161301888418e-01
9.169040656750452323e-01 -3.470273972467375900e-01
9.153732559100554722e-01 -3.458849750197356965e-01
9.136761106591783088e-01 -3.446780149562901907e-01
9.118020609667074616e-01 -3.434021147543951935e-01
9.097620400682276953e-01 -3.420600060255212793e-01
9.075687618167933568e-01 -3.406550111474848652e-01
9.052349400654595701e-01 -3.391904524981022018e-01
9.027732886672803492e-01 -3.376696524551893730e-01
9.001965176486054210e-01 -3.360959322669184735e-01
8.975145626741813931e-01 -3.344717941892209057e-01
8.947296945173249805e-01 -3.327974778001572820e-01
8.918428713913120198e-01 -3.310728352097350724e-01
8.888550515094185700e-01 -3.292977185279619690e-01
8.857671930849196906e-01 -3.274719798648452751e-01
8.825802543310914405e-01 -3.255954713303926829e-01
8.792952026764698781e-01 -3.236680796460624787e-01
8.759130544521700479e-01 -3.216898752057477662e-01
8.724348421486015637e-01 -3.196609890957815558e-01
8.688615982663754345e-01 -3.175815524408136525e-01
8.651943553061032244e-01 -3.154516963654938611e-01
8.614341457683957204e-01 -3.132715519944718752e-01
8.575819780015743188e-01 -3.110413368403172618e-01
8.536385997959310412e-01 -3.087622003796387515e-01
8.496045999648873526e-01 -3.064358607175676763e-01
8.454805650536180162e-01 -3.040640440723006988e-01
8.412670816072977953e-01 -3.016484766620342040e-01
8.369647361711016753e-01 -2.991908847049648545e-01
8.325741045624234227e-01 -2.966930291967365685e-01
8.280954754978173682e-01 -2.941576018599199593e-01
8.235288262004086812e-01 -2.915883042201992681e-01
8.188741182768516369e-01 -2.889888884289176230e-01
8.141313133338017316e-01 -2.863631066374182632e-01
8.093003729779135735e-01 -2.837147109970443171e-01
8.043812725592552892e-01 -2.810474191633940411e-01
7.993756503808825409e-01 -2.783607748069300558e-01
7.942883744479349861e-01 -2.756462150980579229e-01
7.891246838377067307e-01 -2.728942458220706135e-01
7.838898176274922136e-01 -2.700953727642608215e-01
7.785890148945840972e-01 -2.672401017099210740e-01
7.732275146705336333e-01 -2.643189385641559475e-01
7.678089122611283512e-01 -2.613266944175235973e-01
7.623308158361313813e-01 -2.582738616448554958e-01
7.567894708003216619e-01 -2.551745019244051615e-01
7.511811225584781315e-01 -2.520426769344258355e-01
7.455020165153796174e-01 -2.488924483531710641e-01
7.397483980758059463e-01 -2.457378778588945323e-01
7.339173878270756068e-01 -2.425907943514950260e-01
7.280123210687544644e-01 -2.394471716671001116e-01
7.220392223845801816e-01 -2.362961227011584064e-01
7.160041271138344321e-01 -2.331267329094213192e-01
7.099130705957984455e-01 -2.299280877476403140e-01
7.037720881697537845e-01 -2.266892726715666329e-01
6.975869302843110686e-01 -2.234001173635274673e-01
6.913589772507474640e-01 -2.200618677180047889e-01
6.850861894877643410e-01 -2.166847034949962170e-01
6.787664361609930808e-01 -2.132790428370313907e-01
6.723975864360647314e-01 -2.098553038866396991e-01
6.659775094786105631e-01 -2.064239047863509757e-01
6.595041168372672846e-01 -2.029951560620800732e-01
6.529772398538628009e-01 -1.995744936056952912e-01
6.463993737206288337e-01 -1.961605894055663546e-01
6.397732098474174789e-01 -1.927516172249972015e-01
6.331014396440797221e-01 -1.893457508272913536e-01
6.263867545204675480e-01 -1.859411639757526102e-01
6.196318451245435011e-01 -1.825360324990273897e-01
6.128390964162737653e-01 -1.791293608908382795e-01
6.060101214283662996e-01 -1.757222462006051977e-01
5.991464132235004847e-01 -1.723161106948773724e-01
5.922494648643551463e-01 -1.689123766402039484e-01
5.853207694136098871e-01 -1.655124663031344312e-01
5.783618199339439769e-01 -1.621178019502178824e-01
5.713741763228936676e-01 -1.587296476151695002e-01
5.643597210873718684e-01 -1.553485035476730169e-01
5.573204339468290636e-01 -1.519746398448247604e-01
5.502582946405182307e-01 -1.486083265568370337e-01
5.431752829076922362e-01 -1.452498337339222789e-01
5.360733784876043906e-01 -1.418994314262928824e-01
5.289545229837906426e-01 -1.385574913698557342e-01
5.218202890640717406e-01 -1.352253690366933547e-01
5.146720425130586474e-01 -1.319049715356321595e-01
5.075111468304168705e-01 -1.285982120681158913e-01
5.003389655158122507e-01 -1.253070038355883487e-01
4.931568620689099069e-01 -1.220332600394930106e-01
4.859662164956057295e-01 -1.187788512703026184e-01
4.787687884450926301e-01 -1.155446680661535025e-01
4.715667172098607640e-01 -1.123306209128459854e-01
4.643621585886311132e-01 -1.091365776852094016e-01
4.571572683801241044e-01 -1.059624062580729331e-01
4.499542023830601645e-01 -1.028079745062657341e-01
4.427551101717537851e-01 -9.967316617896451736e-02
4.355615777513126563e-01 -9.655930231793247165e-02
4.283741861114596094e-01 -9.347026709497631425e-02
4.211934123566577481e-01 -9.041020962454190957e-02
4.140197335913707311e-01 -8.738327902107520528e-02
4.068536269200617728e-01 -8.439362439902203805e-02
3.996955695440373435e-01 -8.144539461858901763e-02
3.925465140682113385e-01 -7.854149047922304172e-02
3.854089907711910623e-01 -7.568067096781525005e-02
3.782858567776165026e-01 -7.286083701359458153e-02
3.711799692121275918e-01 -7.007988954578987795e-02
3.640941851993641509e-01 -6.733572949363005045e-02
3.570313618639663344e-01 -6.462625778634399631e-02
3.499942315877007104e-01 -6.194968186442748742e-02
3.429847241149974191e-01 -5.930618136430197695e-02
3.360044513409078948e-01 -5.669671692424665260e-02
3.290550243682837661e-01 -5.412225112908883307e-02
3.221380542999771612e-01 -5.158374656365594807e-02
3.152551522388398753e-01 -4.908216581277531632e-02
3.084079432425102518e-01 -4.661842712452245879e-02
3.015982418188075664e-01 -4.419284683122891300e-02
2.948279990091819402e-01 -4.180530747444568401e-02
2.880991688693170794e-01 -3.945568201898531219e-02
2.814137054548969119e-01 -3.714384342966030317e-02
2.747735628216054216e-01 -3.486966467128329444e-02
2.681806783856252041e-01 -3.263305885170499077e-02
2.616363659643256012e-01 -3.043544351998804173e-02
2.551411425042980907e-01 -2.828015868753980602e-02
2.486954730038698769e-01 -2.617066969171201463e-02
2.422998224613678309e-01 -2.411044186985630833e-02
2.359546558751190737e-01 -2.210294055932440771e-02
2.296604393478311745e-01 -2.015162792067400760e-02
2.234179151181870104e-01 -1.825917179831225423e-02
2.172284635521638529e-01 -1.642640443802910119e-02
2.110935548795718208e-01 -1.465389958871282997e-02
2.050146593302212827e-01 -1.294223099925174633e-02
1.989932471339226072e-01 -1.129197241853420984e-02
1.930307885204860519e-01 -9.703697595448484634e-03
1.871290503666039051e-01 -8.177163168226142531e-03
1.812911028296180227e-01 -6.708535902516720058e-03
1.755203738733360219e-01 -5.292996989896141952e-03
1.698202914715228606e-01 -3.925727594512168177e-03
1.641942835979433857e-01 -2.601908880512549590e-03
1.586457782263625549e-01 -1.316722012045053961e-03
1.531779612309311367e-01 -6.594659468369158130e-05
1.477919113224888947e-01 1.149429109139723506e-03
1.424876222469372566e-01 2.325734932824033169e-03
1.372650787835251740e-01 3.459278545270812102e-03
1.321242657115015706e-01 4.546367615381628410e-03
1.270651678101154536e-01 5.583309812058042179e-03
1.220878061168924195e-01 6.566516716856416781e-03
1.171929248939341806e-01 7.494472601833650910e-03
1.123819349932723699e-01 8.367572120222561277e-03
1.076562721746699980e-01 9.186281308363920470e-03
1.030173721978900614e-01 9.951066202598560922e-03
9.846667082269551508e-02 1.066239283926729946e-02
9.400558536026917822e-02 1.132068188711504372e-02
8.963424009770361300e-02 1.192317429082596913e-02
8.535064009678462738e-02 1.246189952860915148e-02
8.115259397881592618e-02 1.292840400451260134e-02
7.703791036510126977e-02 1.331423412258435357e-02
7.300439787694436300e-02 1.361093628687243783e-02
6.904986687749839480e-02 1.381006146267677384e-02
6.517488675501395545e-02 1.391038546937352349e-02
6.138837648558328336e-02 1.393254857179479674e-02
5.770082845150203976e-02 1.390131119672155524e-02
5.412273503506585121e-02 1.384143377093472252e-02
5.066458861857035118e-02 1.377767672121522902e-02
4.733688158431114540e-02 1.373480047434403294e-02
4.414801656833593213e-02 1.373222582578513019e-02
4.109419281971087717e-02 1.375819199220423145e-02
3.816719248537453479e-02 1.378965179754173750e-02
3.535879161971077628e-02 1.380354249829981485e-02
3.266076627710354230e-02 1.377680135098063516e-02
3.006489251193670414e-02 1.368636561208635104e-02
2.756347165038585539e-02 1.351055259392780657e-02
2.515514803992858345e-02 1.324434474014621679e-02
2.284277359065150018e-02 1.289377909756326233e-02
2.062927570521809126e-02 1.246509105597454897e-02
1.851758178629183890e-02 1.196451600517565647e-02
1.651061923653625307e-02 1.139828933496219235e-02
1.461121125791500774e-02 1.077257815232580442e-02
1.281890161637328808e-02 1.009140054714875029e-02
1.112937318370530414e-02 9.356244562213388363e-03
9.538087367244187098e-03 8.568453114459306796e-03
8.040505574323064675e-03 7.729369120826087673e-03
6.632089212275068917e-03 6.840335498253320885e-03
5.308348063210332861e-03 5.902724267910532986e-03
4.072964425865878250e-03 4.922824368787622959e-03
2.946924524678130007e-03 3.917335484143135392e-03
1.953418245572378573e-03 2.904283109459598628e-03
1.115635474473913955e-03 1.901692740219544696e-03
4.567660973080244283e-04 9.275898719055013968e-04
0.000000000000000000e+00 0.000000000000000000e+00
-1.613009345647690150e-04 -6.679553222334739778e-04
-1.813225695565615374e-04 -1.446415260109151172e-03
-6.997964411251120036e-05 -2.319135407032515278e-03
1.628131026302483901e-04 -3.269871356409048690e-03
5.071409315345841700e-04 -4.282378701644236514e-03
9.530891034633617474e-04 -5.340413036143559083e-03
1.492131442606828848e-03 -6.428508323785922865e-03
2.126645261176119284e-03 -7.537310567393954060e-03
2.864157508446796806e-03 -8.660352440754975553e-03
3.712225615436587096e-03 -9.791183704444938324e-03
4.678407013163217790e-03 -1.092335411903980029e-02
5.770259132644412620e-03 -1.205041344511551156e-02
6.994795077575754680e-03 -1.316689004225757471e-02
8.349538437335634819e-03 -1.428437264702295088e-02
9.823952426209698122e-03 -1.542894104714552343e-02
1.140724414837177882e-02 -1.662713546857625888e-02
1.308862070799572501e-02 -1.790549613726613934e-02
1.485728920925539001e-02 -1.929056327916614175e-02
1.670259348503365035e-02 -2.080852069566781204e-02
1.862149791353547371e-02 -2.246568694166247229e-02
2.062245506358900346e-02 -2.423843314322539702e-02
2.271486885231282712e-02 -2.610065045059051236e-02
2.490814319682548017e-02 -2.802623001399173752e-02
2.721168201424554664e-02 -2.998906298366299863e-02
2.963488503622988338e-02 -3.196305115410014164e-02
3.218411753469360009e-02 -3.392981340968137527e-02
3.485736130174113545e-02 -3.589228909138413720e-02
3.765116251610949732e-02 -3.785706852201987244e-02
4.056206735653565543e-02 -3.983074202440003986e-02
4.358662200175660723e-02 -4.181989992133609835e-02
4.672137263050930855e-02 -4.383113253563945128e-02
4.996323107702509841e-02 -4.587002784669431954e-02
5.331104959795329723e-02 -4.793685470238810697e-02
5.676432164017351095e-02 -5.003012430489278684e-02
6.032254105536661443e-02 -5.214834674672957221e-02
6.398520169521346168e-02 -5.429003212041964843e-02
6.775179741139490674e-02 -5.645369051848424247e-02
7.162178154388353091e-02 -5.863791257617644026e-02
7.559417038710690429e-02 -6.084215783414909789e-02
7.966771357653172625e-02 -6.306641598697997064e-02
8.384115694299403010e-02 -6.531068429336511771e-02
8.811324631732980750e-02 -6.757496001200063995e-02
9.248272753037498073e-02 -6.985924040158256187e-02
9.694833317659840022e-02 -7.216354980700716293e-02
1.015084416139074019e-01 -7.448863746409065123e-02
1.061610468670904917e-01 -7.683603908756929390e-02
1.109041236927072738e-01 -7.920732982166117653e-02
1.157356468473174221e-01 -8.160408481058442631e-02
1.206535910874806383e-01 -8.402787919855715659e-02
1.256559339411328358e-01 -8.648027999247591413e-02
1.307409882727396111e-01 -8.896186958332881478e-02
1.359077182201915146e-01 -9.147131809153782878e-02
1.411551627485387039e-01 -9.400707592984296201e-02
1.464823608228314200e-01 -9.656759351098419264e-02
1.518883514081198205e-01 -9.915132124770152655e-02
1.573721734696557906e-01 -1.017567095504911118e-01
1.629328732279028136e-01 -1.043821282067596279e-01
1.685695233298348805e-01 -1.070256533409338073e-01
1.742812024375097468e-01 -1.096852942351933952e-01
1.800669892129850291e-01 -1.123590601717180393e-01
1.859259623183183163e-01 -1.150449604326874292e-01
1.918572004155674471e-01 -1.177410043002812962e-01
1.978596707918853781e-01 -1.204454620592566583e-01
2.039315498560072826e-01 -1.231584573859091231e-01
2.100706717809008306e-01 -1.258809159721919202e-01
2.162748693707936265e-01 -1.286137667176457111e-01
2.225419754299133579e-01 -1.313579385218112683e-01
2.288698227624875181e-01 -1.341143602842291838e-01
2.352562899490252546e-01 -1.368838339536543602e-01
2.416999577644443897e-01 -1.396652140919135143e-01
2.481999564925836677e-01 -1.424558313146519761e-01
2.547554310798401667e-01 -1.452529755740252226e-01
2.613655264726108540e-01 -1.480539368221886476e-01
2.680293876172932244e-01 -1.508560050112978113e-01
2.747461452721882691e-01 -1.536565049247274051e-01
2.815142875274004308e-01 -1.564543390710841086e-01
2.883314107249308478e-01 -1.592505991656124609e-01
2.951950455211513336e-01 -1.620465381792023096e-01
3.021027225724335352e-01 -1.648434090827431697e-01
3.090519725351494884e-01 -1.676424648471249168e-01
3.160403269309384200e-01 -1.704449561110208400e-01
3.230656644475563000e-01 -1.732511977719176921e-01
3.301267404410963557e-01 -1.760591417816347592e-01
3.372224465161448026e-01 -1.788663728518704588e-01
3.443516742772880224e-01 -1.816704756943233467e-01
3.515133153291123413e-01 -1.844690350206920071e-01
3.587062612762040303e-01 -1.872596355426748849e-01
3.659291207197022389e-01 -1.900405782458230164e-01
3.731791362135882806e-01 -1.928136215430446831e-01
3.804531386780888313e-01 -1.955815656808308767e-01
3.877479589495778090e-01 -1.983472111179020447e-01
3.950604278644287426e-01 -2.011133583129784408e-01
4.023873762590156611e-01 -2.038828077247804293e-01
4.097258431151059033e-01 -2.066578192449362583e-01
4.170748810718910016e-01 -2.094354231661012811e-01
4.244346719406434931e-01 -2.122097172477744043e-01
4.318054100039108167e-01 -2.149747668607467910e-01
4.391872895442401892e-01 -2.177246373758095488e-01
4.465805048441784386e-01 -2.204533941637536465e-01
4.539852040607662009e-01 -2.231552216687497092e-01
4.614004744643939726e-01 -2.258270430226984038e-01
4.688243424388014446e-01 -2.284685200452300224e-01
4.762547882422223378e-01 -2.310794336293547080e-01
4.836897921328896510e-01 -2.336595646680823535e-01
4.911273343690368831e-01 -2.362086940544228797e-01
4.985653885260154516e-01 -2.387266201273125221e-01
5.060013230987367994e-01 -2.412147208119013175e-01
5.134314275395650551e-01 -2.436771909162192273e-01
5.208518797636517705e-01 -2.461185164205631215e-01
5.282588576861491081e-01 -2.485431833052297312e-01
5.356485392222086750e-01 -2.509556775505158432e-01
5.430171024029427640e-01 -2.533604848416025623e-01
5.503612945099741749e-01 -2.557606421411205977e-01
5.576797519388101421e-01 -2.581543786832274923e-01
5.649715024519312845e-01 -2.605389276868829151e-01
5.722355738118179991e-01 -2.629115223710461469e-01
5.794709937809511269e-01 -2.652693959546768010e-01
5.866767901218116199e-01 -2.676097816567342691e-01
5.938519140766744808e-01 -2.699301257472265236e-01
6.009948245312408677e-01 -2.722292453378076793e-01
6.081037853949458061e-01 -2.745065004019535682e-01
6.151770600912701559e-01 -2.767612522661540009e-01
6.222129120436952210e-01 -2.789928622568992878e-01
6.292096046757015282e-01 -2.812006917006791284e-01
6.361653977482617517e-01 -2.833841196911350835e-01
6.430785013001283357e-01 -2.855427665287544325e-01
6.499470895360687228e-01 -2.876764263478335248e-01
6.567693358697479500e-01 -2.897848971203727531e-01
6.635434137148311651e-01 -2.918679768183730650e-01
6.702674964849832939e-01 -2.939254634138350752e-01
6.769397834480238574e-01 -2.959570909480155887e-01
6.835594428082949481e-01 -2.979601975287887727e-01
6.901268809334930587e-01 -2.999290596012170740e-01
6.966425849075850163e-01 -3.018577540195704900e-01
7.031070418145386469e-01 -3.037403576381190740e-01
7.095207387383207775e-01 -3.055709473111328789e-01
7.158841525111041548e-01 -3.073436266838036057e-01
7.221951966365885989e-01 -3.090591981239652064e-01
7.284458609793852402e-01 -3.107339441908227862e-01
7.346273012117394696e-01 -3.123863274307896454e-01
7.407306730058975663e-01 -3.140348103902793064e-01
7.467471320341055874e-01 -3.156978556157054028e-01
7.526678339686099228e-01 -3.173939256534814568e-01
7.584862424630447464e-01 -3.191355762910886851e-01
7.642059609960963895e-01 -3.209094127158497178e-01
7.698333768635500229e-01 -3.226949155617413467e-01
7.753748774386649556e-01 -3.244715652644675763e-01
7.808368500946996082e-01 -3.262188422597322446e-01
7.862256822049122906e-01 -3.279162269832389676e-01
7.915470365340162573e-01 -3.295450969944368480e-01
7.968002690686454281e-01 -3.311033418557421948e-01
8.019814884756567563e-01 -3.325973530545032752e-01
8.070867765845537445e-01 -3.340335923419110453e-01
8.121122152248393400e-01 -3.354185214691560724e-01
8.170538862260174895e-01 -3.367586021874293678e-01
8.219079339503406745e-01 -3.380601451307187477e-01
8.266717500675843100e-01 -3.393264466784769451e-01
8.313438758802409456e-01 -3.405580249974320961e-01
8.359228956478613748e-01 -3.417552944438989049e-01
8.404073936299965020e-01 -3.429186693741925196e-01
8.447959540861973426e-01 -3.440485641446277554e-01
8.490871631360991101e-01 -3.451453905672640654e-01
8.532797372689253645e-01 -3.462093821323884990e-01
8.573726066455016337e-01 -3.472404800665814806e-01
8.613647212328315872e-01 -3.482385985051918986e-01
8.652550309979184506e-01 -3.492036515835686972e-01
8.690424859077661157e-01 -3.501355534370609313e-01
8.727260359733992612e-01 -3.510342181520285099e-01
8.763047009341831117e-01 -3.518994822183324489e-01
8.797777115470993836e-01 -3.527309472969490933e-01
8.831443383335387809e-01 -3.535281707974218257e-01
8.864038518148931178e-01 -3.542907101292945837e-01
8.895555225125529875e-01 -3.550181227021108055e-01
8.925986209479095379e-01 -3.557099659254142621e-01
8.955310539169122341e-01 -3.563655418246037820e-01
8.983427645360407832e-01 -3.569826610710224446e-01
9.010208134117299039e-01 -3.575585945298763724e-01
9.035522571745401299e-01 -3.580906123218117187e-01
9.059241524550308844e-01 -3.585759845674746926e-01
9.081235558837619237e-01 -3.590119813875113919e-01
9.101393788372432736e-01 -3.593962723056234876e-01
9.119829300361048663e-01 -3.597313499145016746e-01
9.136803751946966923e-01 -3.600229061283855003e-01
9.152581465932757565e-01 -3.602766902641133528e-01
9.167426765120985088e-01 -3.604984516385236759e-01
9.181603972314221762e-01 -3.606939395684549687e-01
9.195373033631554227e-01 -3.608688056876360739e-01
9.208856150882546165e-01 -3.610256273173566011e-01
9.222013358907822367e-01 -3.611633623776286939e-01
9.234795390500604162e-01 -3.612807611762577920e-01
9.247152978454119543e-01 -3.613765740210495570e-01
9.259036855561589840e-01 -3.614495512198095950e-01
9.270397754616246377e-01 -3.614984430803435678e-01
9.281186408411308264e-01 -3.615219999104569704e-01
9.291353549740005713e-01 -3.615189720179554644e-01
9.300849911395561165e-01 -3.614881097106447116e-01
9.309626226171199281e-01 -3.614281632963302071e-01
9.317633226860146944e-01 -3.613378830828175570e-01
9.324821646255629926e-01 -3.612160193779124784e-01
